desc: I1 cache:         32768 B, 64 B, 8-way associative
desc: D1 cache:         32768 B, 64 B, 8-way associative
desc: LL cache:         3145728 B, 64 B, 12-way associative
cmd: ./a.out
events: Ir I1mr ILmr Dr D1mr DLmr Dw D1mw DLmw 
fl=/build/eglibc-oGUzwX/eglibc-2.19/csu/../csu/init-first.c
fn=_init
52 8 1 1 0 0 0 4 0 0
58 4 1 1 1 0 0 1 1 1
65 5 1 1 4 0 0 0 0 0
70 1 0 0 0 0 0 1 1 1
71 1 0 0 0 0 0 1 0 0
72 2 0 0 1 0 0 1 1 1
86 4 0 0 0 0 0 1 0 0
94 1 0 0 0 0 0 1 0 0
99 6 0 0 5 0 0 0 0 0
fl=/build/eglibc-oGUzwX/eglibc-2.19/csu/../sysdeps/generic/dl-hash.h
fn=_init
43 1 0 0 0 0 0 0 0 0
44 1 0 0 0 0 0 0 0 0
45 13 0 0 4 0 0 0 0 0
48 12 0 0 0 0 0 0 0 0
49 8 0 0 0 0 0 0 0 0
62 8 0 0 0 0 0 0 0 0
67 1 1 1 0 0 0 0 0 0
fl=/build/eglibc-oGUzwX/eglibc-2.19/csu/../sysdeps/unix/sysv/linux/x86_64/init-first.c
fn=_init
38 7 1 1 0 0 0 4 0 0
40 4 0 0 0 0 0 1 0 0
41 2 0 0 0 0 0 0 0 0
42 2 1 1 0 0 0 0 0 0
43 2 1 1 1 0 0 0 0 0
44 1 0 0 0 0 0 1 1 0
46 3 0 0 0 0 0 1 0 0
50 3 0 0 0 0 0 0 0 0
51 2 0 0 1 0 0 0 0 0
52 1 0 0 0 0 0 1 0 0
fl=/build/eglibc-oGUzwX/eglibc-2.19/csu/../sysdeps/x86_64/multiarch/init-arch.c
fn=__init_cpu_features
31 7 1 1 0 0 0 4 0 0
37 3 0 0 0 0 0 0 0 0
38 3 0 0 0 0 0 0 0 0
39 2 0 0 0 0 0 0 0 0
45 1 0 0 0 0 0 1 0 0
54 3 1 1 0 0 0 1 0 0
57 6 0 0 0 0 0 0 0 0
59 3 0 0 0 0 0 0 0 0
65 3 0 0 0 0 0 0 0 0
66 2 1 1 0 0 0 0 0 0
71 2 0 0 0 0 0 0 0 0
74 4 0 0 0 0 0 0 0 0
101 2 1 1 0 0 0 0 0 0
123 1 0 0 1 1 1 0 0 0
127 1 1 1 0 0 0 0 0 0
152 2 1 1 1 0 0 0 0 0
153 7 0 0 0 0 0 4 0 0
160 3 0 0 1 0 0 0 0 0
164 2 0 0 0 0 0 0 0 0
166 3 1 1 0 0 0 0 0 0
170 2 1 1 0 0 0 0 0 0
171 1 0 0 1 0 0 0 0 0
173 2 0 0 0 0 0 0 0 0
174 1 0 0 1 0 0 0 0 0
176 2 0 0 1 0 0 0 0 0
184 6 1 1 0 0 0 0 0 0
185 4 0 0 0 0 0 0 0 0
187 2 0 0 1 0 0 0 0 0
189 1 0 0 0 0 0 1 0 0
190 1 0 0 0 0 0 1 0 0
192 1 0 0 0 0 0 1 0 0
193 2 0 0 2 0 0 0 0 0
fl=/build/eglibc-oGUzwX/eglibc-2.19/csu/libc-start.c
fn=(below main)
133 10 1 1 0 0 0 8 0 0
137 7 2 2 1 0 0 1 0 0
219 2 0 0 0 0 0 0 0 0
220 4 0 0 0 0 0 1 0 0
242 6 0 0 2 0 0 0 0 0
245 2 0 0 0 0 0 0 0 0
246 5 1 1 4 0 0 1 0 0
250 4 0 0 2 1 0 0 0 0
265 2 0 0 0 0 0 0 0 0
274 2 0 0 0 0 0 1 0 0
275 2 1 1 0 0 0 0 0 0
280 2 0 0 1 1 0 1 0 0
281 2 0 0 1 1 0 1 0 0
284 2 0 0 0 0 0 1 0 0
287 6 0 0 5 0 0 1 0 0
321 2 0 0 0 0 0 1 0 0
fl=/build/eglibc-oGUzwX/eglibc-2.19/ctype/ctype-info.c
fn=__ctype_init
31 7 2 2 5 3 0 1 0 0
33 4 0 0 2 1 0 1 0 0
35 5 1 1 3 0 0 1 0 0
fl=/build/eglibc-oGUzwX/eglibc-2.19/elf/../elf/dl-runtime.c
fn=_dl_fixup
66 55 2 2 0 0 0 33 1 0
68 11 0 0 11 0 0 0 0 0
69 22 0 0 22 4 0 0 0 0
72 55 0 0 22 8 0 0 0 0
73 77 0 0 22 5 0 11 0 0
74 33 1 1 22 3 0 0 0 0
79 22 0 0 0 0 0 0 0 0
83 22 0 0 11 6 3 0 0 0
87 33 0 0 11 4 0 0 0 0
91 22 0 0 22 6 0 0 0 0
92 44 1 1 11 2 0 0 0 0
94 44 0 0 11 4 0 0 0 0
100 11 0 0 0 0 0 0 0 0
101 33 0 0 11 1 0 0 0 0
108 22 0 0 11 3 0 11 0 0
111 110 1 1 22 4 0 33 0 0
115 33 0 0 11 0 0 0 0 0
119 44 1 1 11 0 0 11 0 0
125 66 0 0 22 0 0 0 0 0
133 11 0 0 11 0 0 0 0 0
141 44 0 0 11 0 0 0 0 0
145 33 0 0 11 2 0 0 0 0
149 55 0 0 44 0 0 0 0 0
fl=/build/eglibc-oGUzwX/eglibc-2.19/elf/../elf/dl-sysdep.c
fn=_dl_sysdep_start
86 8 1 1 0 0 0 7 2 2
87 2 0 0 0 0 0 0 0 0
88 1 0 0 0 0 0 0 0 0
110 1 0 0 0 0 0 1 0 0
111 225 1 1 73 10 10 4 3 3
114 2 0 0 0 0 0 1 0 0
115 1 0 0 0 0 0 1 1 1
117 90 4 4 23 2 2 10 0 0
118 111 0 0 21 3 3 0 0 0
121 1 0 0 1 0 0 0 0 0
122 1 0 0 0 0 0 0 0 0
124 1 0 0 1 0 0 0 0 0
125 1 0 0 0 0 0 0 0 0
127 1 1 1 1 0 0 0 0 0
128 1 0 0 0 0 0 0 0 0
130 1 0 0 1 0 0 0 0 0
131 1 0 0 0 0 0 0 0 0
151 1 1 1 1 0 0 0 0 0
152 1 0 0 0 0 0 0 0 0
154 1 0 0 1 0 0 0 0 0
155 1 0 0 0 0 0 0 0 0
157 1 1 1 1 0 0 0 0 0
158 1 0 0 0 0 0 0 0 0
163 1 0 0 1 1 1 0 0 0
164 1 0 0 0 0 0 0 0 0
179 1 0 0 1 1 1 0 0 0
180 1 0 0 0 0 0 0 0 0
232 3 1 1 0 0 0 2 0 0
234 5 0 0 0 0 0 1 0 0
246 3 1 1 1 0 0 0 0 0
249 6 0 0 2 0 0 1 0 0
250 1 0 0 1 1 0 0 0 0
251 8 0 0 7 1 0 0 0 0
fn=_dl_sysdep_start_cleanup
256 1 1 1 1 0 0 0 0 0
fl=/build/eglibc-oGUzwX/eglibc-2.19/elf/../misc/sbrk.c
fn=sbrk
34 4 1 1 0 0 0 2 0 0
42 6 0 0 2 0 0 0 0 0
46 2 1 1 0 0 0 0 0 0
57 5 0 0 3 0 0 0 0 0
fl=/build/eglibc-oGUzwX/eglibc-2.19/elf/../sysdeps/unix/sysv/linux/dl-osinfo.h
fn=security_init
61 2 0 0 0 0 0 0 0 0
84 2 1 1 1 0 0 1 0 0
86 1 1 1 1 0 0 0 0 0
93 1 0 0 1 0 0 0 0 0
101 2 0 0 0 0 0 0 0 0
112 1 0 0 1 0 0 0 0 0
fl=/build/eglibc-oGUzwX/eglibc-2.19/elf/../sysdeps/unix/sysv/linux/dl-sysdep.c
fn=_dl_discover_osversion
45 7 1 1 0 0 0 6 0 0
47 3 0 0 1 0 0 0 0 0
87 5 1 1 0 0 0 1 1 1
102 1 0 0 0 0 0 0 0 0
106 1 0 0 0 0 0 0 0 0
107 1 0 0 0 0 0 0 0 0
109 12 1 1 3 1 1 0 0 0
111 6 0 0 0 0 0 0 0 0
113 12 0 0 3 0 0 0 0 0
119 3 0 0 0 0 0 0 0 0
120 3 0 0 0 0 0 0 0 0
121 3 0 0 0 0 0 0 0 0
123 13 1 1 0 0 0 0 0 0
128 2 0 0 0 0 0 0 0 0
132 8 0 0 7 0 0 0 0 0
fn=_dl_sysdep_start
35 2 0 0 0 0 0 1 0 0
fl=/build/eglibc-oGUzwX/eglibc-2.19/elf/../sysdeps/unix/sysv/linux/dl-vdso.c
fn=_dl_vdso_vsym
26 4 0 0 0 0 0 0 0 0
27 8 1 1 8 1 0 0 0 0
28 8 1 1 4 0 0 0 0 0
31 8 0 0 0 0 0 0 0 0
fl=/build/eglibc-oGUzwX/eglibc-2.19/elf/../sysdeps/unix/sysv/linux/x86_64/brk.c
fn=brk
28 1 0 0 0 0 0 0 0 0
31 7 1 1 0 0 0 1 1 1
33 2 0 0 0 0 0 0 0 0
39 1 0 0 0 0 0 0 0 0
40 1 0 0 1 0 0 0 0 0
fl=/build/eglibc-oGUzwX/eglibc-2.19/elf/../sysdeps/x86_64/dl-machine.h
fn=_dl_fixup
210 11 1 1 0 0 0 11 0 0
fn=_dl_relocate_object
71 16 0 0 4 0 0 0 0 0
77 6 1 1 6 2 0 0 0 0
81 9 1 1 3 3 2 0 0 0
87 3 0 0 0 0 0 3 0 0
95 9 0 0 3 0 0 0 0 0
108 6 0 0 0 0 0 3 0 0
111 12 1 1 3 2 0 0 0 0
244 198 0 0 0 0 0 0 0 0
265 198 1 1 0 0 0 0 0 0
269 198 0 0 0 0 0 0 0 0
276 3953 11 11 784 83 73 694 3 0
278 452 1 1 188 0 0 0 0 0
281 376 0 0 94 0 0 0 0 0
287 693 0 0 99 3 3 0 0 0
320 2 1 1 0 0 0 0 0 0
321 3 0 0 1 0 0 1 0 0
382 30 1 1 10 0 0 0 0 0
386 50 1 1 10 1 0 0 0 0
391 50 0 0 20 1 1 10 8 8
410 264 1 1 88 11 10 88 11 5
422 12 0 0 0 0 0 4 1 0
487 3582 0 0 1194 299 299 0 0 0
492 2388 0 0 0 0 0 0 0 0
493 3582 0 0 1194 149 149 1194 228 226
503 41 0 0 23 1 0 0 0 0
507 36 0 0 0 0 0 0 0 0
509 54 0 0 18 0 0 0 0 0
510 18 0 0 18 3 2 0 0 0
527 10 0 0 10 1 1 0 0 0
529 5 0 0 0 0 0 5 0 0
530 5 0 0 0 0 0 5 0 0
fn=_dl_start
58 3 0 0 1 1 1 0 0 0
241 9 1 1 0 0 0 0 0 0
269 18 0 0 0 0 0 0 0 0
278 36 0 0 18 2 2 0 0 0
281 36 0 0 9 5 5 0 0 0
287 55 0 0 9 2 2 0 0 0
391 9 1 1 9 1 1 0 0 0
400 9 0 0 0 0 0 9 2 2
492 20 0 0 10 1 1 0 0 0
493 30 0 0 10 1 1 10 2 2
fn=_dl_sysdep_start
200 5 0 0 2 1 1 0 0 0
fl=/build/eglibc-oGUzwX/eglibc-2.19/elf/../sysdeps/x86_64/dl-trampoline.S
fn=_dl_runtime_resolve
34 11 1 1 0 0 0 0 0 0
36 11 0 0 0 0 0 11 0 0
37 11 0 0 0 0 0 11 0 0
38 11 0 0 0 0 0 11 0 0
39 11 0 0 0 0 0 11 0 0
40 11 0 0 0 0 0 11 0 0
41 11 1 1 0 0 0 11 0 0
42 11 0 0 0 0 0 11 0 0
43 11 0 0 11 0 0 0 0 0
44 11 0 0 11 0 0 0 0 0
45 11 0 0 0 0 0 11 0 0
46 11 0 0 0 0 0 0 0 0
47 11 0 0 11 0 0 0 0 0
48 11 0 0 11 0 0 0 0 0
49 11 0 0 11 0 0 0 0 0
50 11 0 0 11 0 0 0 0 0
51 11 0 0 11 0 0 0 0 0
52 11 0 0 11 0 0 0 0 0
53 11 0 0 11 0 0 0 0 0
54 11 0 0 0 0 0 0 0 0
56 11 1 1 0 0 0 0 0 0
fl=/build/eglibc-oGUzwX/eglibc-2.19/elf/dl-addr.c
fn=_dl_addr
30 2 0 0 1 0 0 1 0 0
31 2 0 0 1 0 0 1 0 0
34 2 0 0 1 0 0 0 0 0
38 1 0 0 1 0 0 0 0 0
39 1 0 0 1 0 0 0 0 0
40 3 1 1 2 0 0 1 0 0
42 2 0 0 2 0 0 0 0 0
45 2 0 0 1 1 0 0 0 0
50 2029 0 0 2 0 0 0 0 0
52 1011 1 1 1011 60 22 0 0 0
53 2022 0 0 0 0 0 0 0 0
55 4930 0 0 905 0 0 0 0 0
61 11075 0 0 2215 469 429 0 0 0
63 8860 1 1 2215 0 0 0 0 0
64 16270 0 0 5089 353 321 0 0 0
69 2215 0 0 0 0 0 0 0 0
71 7656 1 1 2215 133 81 0 0 0
99 3 0 0 1 1 0 0 0 0
100 1 0 0 0 0 0 1 1 0
101 3 1 1 1 0 0 0 0 0
104 2 0 0 0 0 0 0 0 0
116 1 1 1 0 0 0 1 1 0
117 1 0 0 0 0 0 1 0 0
126 11 1 1 0 0 0 8 0 0
131 3 1 1 2 1 0 1 0 0
133 2 0 0 0 0 0 1 0 0
135 2 0 0 0 0 0 0 0 0
138 2 1 1 0 0 0 0 0 0
141 3 0 0 2 2 0 1 1 0
144 9 1 1 7 0 0 0 0 0
fl=/build/eglibc-oGUzwX/eglibc-2.19/elf/dl-altinit.c
fn=dlinit_alt
33 3 0 0 2 0 0 0 0 0
34 1 0 0 1 0 0 0 0 0
fl=/build/eglibc-oGUzwX/eglibc-2.19/elf/dl-cache.c
fn=_dl_cache_libcmp
138 33 1 1 22 10 10 0 0 0
139 110 0 0 0 0 0 0 0 0
141 162 0 0 0 0 0 0 0 0
143 56 0 0 0 0 0 0 0 0
149 3 1 1 0 0 0 0 0 0
150 2 0 0 0 0 0 0 0 0
151 4 0 0 1 0 0 0 0 0
153 5 1 1 1 0 0 0 0 0
155 2 0 0 0 0 0 0 0 0
161 106 1 1 0 0 0 0 0 0
163 192 0 0 86 0 0 0 0 0
164 10 0 0 0 0 0 0 0 0
167 43 0 0 0 0 0 0 0 0
168 43 0 0 0 0 0 0 0 0
171 2 0 0 0 0 0 0 0 0
172 22 0 0 11 0 0 0 0 0
fn=_dl_load_cache_lookup
182 8 1 1 0 0 0 6 0 0
190 2 0 0 1 0 0 0 0 0
193 3 0 0 1 0 0 0 0 0
196 5 1 1 0 0 0 1 0 0
204 5 0 0 1 0 0 0 0 0
205 6 1 1 0 0 0 1 0 0
209 1 0 0 0 0 0 1 0 0
212 4 0 0 1 0 0 0 0 0
215 2 0 0 0 0 0 1 0 0
216 3 0 0 0 0 0 0 0 0
217 5 1 1 0 0 0 1 0 0
219 2 0 0 0 0 0 0 0 0
244 3 1 1 1 0 0 0 0 0
253 5 0 0 2 0 0 1 0 0
259 4 0 0 0 0 0 2 0 0
263 7 1 1 2 0 0 2 0 0
264 6 0 0 3 0 0 0 0 0
278 254 9 9 32 9 9 12 0 0
294 2 1 1 1 0 0 0 0 0
299 9 0 0 7 0 0 0 0 0
fn=_dl_unload_cache
308 1 0 0 0 0 0 0 0 0
309 4 1 1 1 1 0 0 0 0
311 2 0 0 1 1 0 1 0 0
312 1 0 0 0 0 0 1 0 0
314 2 0 0 1 0 0 0 0 0
fl=/build/eglibc-oGUzwX/eglibc-2.19/elf/dl-debug.c
fn=_dl_debug_initialize
50 8 1 1 0 0 0 0 0 0
51 4 1 1 4 0 0 0 0 0
55 14 0 0 4 1 0 0 0 0
58 1 0 0 0 0 0 1 0 0
59 2 0 0 0 0 0 1 0 0
60 6 0 0 2 0 0 1 0 0
61 2 0 0 0 0 0 1 0 0
fn=_dl_debug_state
74 2 0 0 2 0 0 0 0 0
fl=/build/eglibc-oGUzwX/eglibc-2.19/elf/dl-deps.c
fn=_dl_map_object_deps
147 11 2 2 0 0 0 9 0 0
148 9 0 0 0 0 0 1 0 0
160 6 0 0 0 0 0 2 0 0
161 2 1 1 0 0 0 2 0 0
162 10 0 0 0 0 0 3 0 0
164 1 0 0 0 0 0 0 0 0
168 8 1 1 2 0 0 2 0 0
178 8 0 0 1 0 0 0 0 0
179 1 0 0 1 0 0 0 0 0
182 3 0 0 0 0 0 2 0 0
188 1 0 0 0 0 0 1 0 0
189 1 0 0 0 0 0 1 0 0
201 2 1 1 1 0 0 1 0 0
202 1 0 0 0 0 0 0 0 0
203 1 0 0 0 0 0 1 0 0
204 2 1 1 0 0 0 2 0 0
209 4 0 0 0 0 0 0 0 0
210 4 0 0 0 0 0 0 0 0
213 4 1 1 0 0 0 4 0 0
217 16 1 1 8 0 0 0 0 0
218 17 1 1 7 0 0 0 0 0
220 2 0 0 0 0 0 0 0 0
222 6 0 0 4 0 0 0 0 0
224 26 1 1 2 0 0 4 0 0
229 16 0 0 8 1 1 0 0 0
231 6 0 0 4 0 0 2 0 0
236 2 0 0 0 0 0 2 0 0
237 2 0 0 0 0 0 2 0 0
238 4 0 0 2 0 0 2 0 0
239 4 0 0 2 0 0 2 0 0
242 194 1 1 51 0 0 2 0 0
243 90 1 1 0 0 0 0 0 0
249 14 0 0 4 0 0 2 0 0
251 2 0 0 0 0 0 2 0 0
254 12 1 1 8 0 0 2 0 0
256 6 0 0 2 0 0 0 0 0
271 2 0 0 2 0 0 0 0 0
273 4 0 0 2 0 0 0 0 0
278 6 1 1 0 0 0 0 0 0
281 2 0 0 0 0 0 2 0 0
282 2 0 0 0 0 0 2 0 0
283 2 0 0 0 0 0 2 0 0
284 4 0 0 2 0 0 2 0 0
286 8 1 1 2 0 0 2 0 0
288 10 0 0 2 0 0 4 0 0
292 4 0 0 0 0 0 0 0 0
293 3 0 0 0 0 0 1 0 0
295 129 2 2 0 0 0 0 0 0
343 9 0 0 0 0 0 4 0 0
471 8 0 0 0 0 0 0 0 0
473 6 0 0 0 0 0 2 0 0
475 4 0 0 0 0 0 2 0 0
476 4 1 1 0 0 0 0 0 0
477 4 0 0 0 0 0 0 0 0
480 2 0 0 0 0 0 2 1 1
481 12 0 0 0 0 0 2 0 0
482 10 0 0 0 0 0 2 0 0
485 2 0 0 0 0 0 2 0 0
486 2 0 0 2 0 0 0 0 0
490 16 1 1 8 0 0 0 0 0
492 4 1 1 4 0 0 0 0 0
493 17 0 0 3 0 0 0 0 0
497 6 0 0 2 0 0 0 0 0
498 2 0 0 1 0 0 1 0 0
501 5 1 1 2 0 0 1 0 0
511 2 1 1 0 0 0 1 0 0
512 3 0 0 1 0 0 0 0 0
514 2 0 0 0 0 0 0 0 0
519 7 0 0 2 0 0 1 0 0
520 4 0 0 1 0 0 1 0 0
522 23 1 1 9 0 0 1 0 0
528 12 0 0 4 0 0 4 2 2
532 8 0 0 8 0 0 0 0 0
535 2 0 0 1 0 0 0 0 0
586 6 1 1 3 0 0 1 0 0
587 1 1 1 0 0 0 1 0 0
588 3 0 0 1 0 0 0 0 0
623 7 1 1 1 0 0 2 0 0
625 3 0 0 0 0 0 0 0 0
629 16 1 1 6 0 0 3 0 0
630 8 2 2 0 0 0 2 0 0
631 3 0 0 1 0 0 1 0 0
635 3 0 0 3 0 0 0 0 0
636 6 0 0 3 0 0 0 0 0
642 17 0 0 3 0 0 0 0 0
644 12 0 0 6 0 0 0 0 0
645 8 0 0 0 0 0 0 0 0
647 9 0 0 3 0 0 0 0 0
648 6 0 0 0 0 0 0 0 0
658 2 2 2 2 0 0 0 0 0
670 3 1 1 0 0 0 0 0 0
673 9 0 0 3 0 0 0 0 0
676 35 0 0 9 0 0 9 0 0
683 2 0 0 1 0 0 1 0 0
685 2 0 0 1 0 0 1 0 0
686 1 0 0 1 0 0 0 0 0
687 3 0 0 1 0 0 0 0 0
694 3 0 0 1 0 0 0 0 0
697 2 0 0 0 0 0 0 0 0
700 8 0 0 7 0 0 0 0 0
fn=openaux
60 4 1 1 0 0 0 2 0 0
63 20 0 0 8 0 0 4 0 0
64 4 1 1 2 0 0 0 0 0
67 2 0 0 2 0 0 0 0 0
68 4 0 0 4 0 0 0 0 0
fl=/build/eglibc-oGUzwX/eglibc-2.19/elf/dl-environ.c
fn=_dl_next_ld_env_entry
30 3 1 1 3 0 0 0 0 0
31 1 0 0 0 0 0 0 0 0
33 218 1 1 72 0 0 0 0 0
35 142 0 0 71 31 31 0 0 0
36 40 0 0 19 1 1 0 0 0
38 2 0 0 0 0 0 0 0 0
41 4 0 0 0 0 0 2 0 0
43 2 0 0 2 0 0 0 0 0
46 69 0 0 0 0 0 0 0 0
50 1 0 0 1 0 0 0 0 0
fl=/build/eglibc-oGUzwX/eglibc-2.19/elf/dl-error.c
fn=_dl_catch_error
163 12 1 1 0 0 0 9 0 0
175 6 0 0 0 0 0 6 2 2
176 6 0 0 0 0 0 6 0 0
177 6 1 1 0 0 0 6 0 0
178 6 0 0 0 0 0 3 0 0
180 6 0 0 3 0 0 6 2 2
181 6 0 0 3 0 0 3 0 0
182 6 0 0 0 0 0 3 0 0
185 18 0 0 0 0 0 3 0 0
187 9 1 1 6 0 0 3 0 0
188 9 0 0 6 0 0 3 0 0
189 6 0 0 3 0 0 3 0 0
190 6 0 0 3 0 0 3 0 0
191 6 0 0 3 0 0 3 0 0
199 12 0 0 6 0 0 0 0 0
fn=_dl_receive_error
205 10 1 1 0 0 0 6 0 0
206 2 0 0 1 0 0 1 0 0
210 1 0 0 1 0 0 0 0 0
211 1 0 0 1 0 0 0 0 0
214 1 0 0 0 0 0 1 0 0
215 1 1 1 0 0 0 1 0 0
217 2 0 0 0 0 0 1 0 0
219 1 0 0 0 0 0 1 0 0
220 1 0 0 0 0 0 1 0 0
221 8 0 0 7 0 0 0 0 0
fl=/build/eglibc-oGUzwX/eglibc-2.19/elf/dl-hwcaps.c
fn=_dl_important_hwcaps
39 12 2 2 0 0 0 10 2 2
41 1 0 0 1 0 0 0 0 0
42 4 0 0 0 0 0 1 0 0
51 3 0 0 1 0 0 0 0 0
61 4 2 2 1 0 0 1 0 0
92 2 1 1 0 0 0 0 0 0
113 1 1 1 0 0 0 0 0 0
115 5 0 0 0 0 0 1 0 0
130 6 1 1 0 0 0 0 0 0
131 2 0 0 0 0 0 0 0 0
133 2 0 0 0 0 0 0 0 0
145 2 1 1 0 0 0 0 0 0
162 2 1 1 0 0 0 0 0 0
170 2 1 1 1 0 0 0 0 0
172 4 1 1 1 0 0 1 0 0
173 4 0 0 1 0 0 1 0 0
177 3 0 0 0 0 0 1 0 0
178 1 0 0 0 0 0 1 0 0
181 2 0 0 0 0 0 0 0 0
184 2 1 1 0 0 0 0 0 0
188 12 0 0 2 0 0 3 0 0
189 2 0 0 0 0 0 0 0 0
207 12 2 2 1 0 0 6 0 0
208 5 0 0 0 0 0 1 0 0
209 4 0 0 2 0 0 0 0 0
238 3 1 1 0 0 0 2 0 0
241 2 0 0 0 0 0 0 0 0
243 5 2 2 2 0 0 2 0 0
244 7 0 0 2 0 0 4 0 0
269 19 1 1 3 0 0 0 0 0
270 8 1 1 0 0 0 4 0 0
274 12 0 0 0 0 0 0 0 0
277 28 1 1 0 0 0 0 0 0
278 24 0 0 0 0 0 0 0 0
279 12 0 0 8 0 0 0 0 0
281 4 1 1 0 0 0 0 0 0
284 3 0 0 1 0 0 0 0 0
285 1 0 0 0 0 0 0 0 0
286 12 2 2 3 0 0 0 0 0
299 6 0 0 2 0 0 2 0 0
300 2 0 0 0 0 0 0 0 0
302 4 0 0 0 0 0 0 0 0
305 3 0 0 2 0 0 1 0 0
307 1 0 0 0 0 0 0 0 0
308 8 0 0 7 0 0 0 0 0
fl=/build/eglibc-oGUzwX/eglibc-2.19/elf/dl-init.c
fn=_dl_init
36 26 1 1 5 0 0 4 0 0
86 11 1 1 0 0 0 6 0 0
87 1 0 0 1 1 0 0 0 0
88 1 0 0 1 0 0 0 0 0
91 3 0 0 1 0 0 0 0 0
94 2 0 0 0 0 0 1 0 0
98 4 1 1 1 0 0 0 0 0
125 15 0 0 0 0 0 0 0 0
126 12 0 0 8 0 0 0 0 0
132 8 0 0 7 0 0 0 0 0
fn=call_init.part.0
34 36 0 0 0 0 0 20 0 0
42 12 1 1 4 0 0 4 0 0
45 16 0 0 8 1 0 0 0 0
46 3 1 1 0 0 0 0 0 0
50 9 0 0 3 3 0 0 0 0
51 2 0 0 1 1 0 0 0 0
55 4 0 0 2 0 0 0 0 0
63 4 0 0 0 0 0 0 0 0
64 12 1 1 4 2 0 2 0 0
67 2 0 0 2 1 0 0 0 0
68 4 0 0 0 0 0 0 0 0
74 6 0 0 4 1 0 0 0 0
76 4 0 0 4 0 0 0 0 0
77 16 0 0 0 0 0 0 0 0
78 15 1 1 3 1 0 3 0 0
80 24 0 0 24 0 0 0 0 0
fl=/build/eglibc-oGUzwX/eglibc-2.19/elf/dl-load.c
fn=_dl_init_paths
714 9 1 1 0 0 0 6 0 0
727 6 1 1 2 0 0 2 0 0
731 1 0 0 0 0 0 1 0 0
732 3 0 0 0 0 0 1 0 0
733 2 0 0 0 0 0 0 0 0
740 5 0 0 0 0 0 0 0 0
741 5 1 1 1 0 0 2 0 0
744 1 0 0 0 0 0 1 0 0
745 2 0 0 0 0 0 1 0 0
747 3 0 0 1 0 0 0 0 0
753 1 0 0 0 0 0 1 0 0
754 1 0 0 0 0 0 1 0 0
762 13 0 0 0 0 0 3 1 1
764 8 1 1 0 0 0 4 0 0
765 7 0 0 0 0 0 4 3 3
767 8 1 1 0 0 0 4 0 0
768 14 1 1 3 1 1 4 1 1
769 33 0 0 4 0 0 13 0 0
772 9 0 0 3 1 1 0 0 0
776 27 1 1 15 0 0 5 0 0
782 1 0 0 0 0 0 1 1 1
783 1 0 0 0 0 0 1 0 0
787 1 1 1 1 0 0 0 0 0
788 2 0 0 0 0 0 0 0 0
790 4 0 0 1 0 0 0 0 0
792 3 1 1 1 0 0 0 0 0
809 1 0 0 0 0 0 1 0 0
811 3 1 1 1 0 0 0 0 0
825 2 1 1 0 0 0 1 0 0
830 4 1 1 1 0 0 0 0 0
838 5 0 0 0 0 0 1 0 0
840 11 1 1 0 0 0 2 0 0
856 2 0 0 0 0 0 0 0 0
857 79 0 0 26 0 0 0 0 0
859 25 0 0 0 0 0 0 0 0
860 75 0 0 0 0 0 0 0 0
861 25 1 1 0 0 0 0 0 0
864 1 0 0 0 0 0 1 0 0
865 1 0 0 0 0 0 1 0 0
866 2 0 0 0 0 0 0 0 0
872 8 1 1 1 0 0 2 0 0
876 3 0 0 2 0 0 0 0 0
882 1 0 0 0 0 0 1 0 0
886 8 0 0 7 0 0 0 0 0
fn=_dl_map_object
161 4 0 0 0 0 0 2 0 0
162 2 0 0 0 0 0 1 0 0
164 3 1 1 1 0 0 0 0 0
167 4 0 0 1 0 0 1 0 0
691 9 1 1 3 0 0 0 0 0
2317 30 1 1 0 0 0 24 3 3
2324 6 0 0 0 0 0 0 0 0
2325 6 0 0 3 1 1 0 0 0
2328 45 1 1 9 0 0 0 0 0
2333 21 0 0 7 0 0 0 0 0
2334 14 0 0 0 0 0 0 0 0
2336 36 1 1 0 0 0 7 0 0
2340 12 0 0 6 0 0 0 0 0
2341 18 1 1 6 0 0 0 0 0
2344 2 0 0 2 0 0 0 0 0
2345 4 0 0 4 0 0 0 0 0
2346 8 0 0 0 0 0 2 0 0
2362 4 0 0 2 0 0 0 0 0
2372 12 1 1 2 0 0 2 0 0
2396 2 0 0 0 0 0 2 1 1
2398 10 0 0 0 0 0 2 0 0
2402 4 1 1 0 0 0 2 0 0
2404 2 0 0 1 0 0 0 0 0
2411 4 1 1 1 0 0 0 0 0
2415 2 1 1 1 0 0 1 0 0
2416 3 0 0 0 0 0 1 0 0
2420 3 0 0 1 0 0 0 0 0
2421 1 0 0 0 0 0 0 0 0
2423 11 1 1 0 0 0 4 0 0
2435 4 2 2 3 0 0 0 0 0
2436 7 2 2 2 0 0 0 0 0
2437 1 0 0 0 0 0 0 0 0
2446 2 0 0 1 0 0 0 0 0
2447 18 1 1 2 0 0 4 0 0
2453 6 1 1 0 0 0 2 0 0
2454 1 0 0 0 0 0 0 0 0
2456 2 1 1 1 0 0 1 0 0
2462 4 0 0 0 0 0 1 0 0
2464 3 0 0 1 0 0 0 0 0
2468 3 0 0 0 0 0 2 0 0
2470 2 1 1 0 0 0 0 0 0
2474 3 0 0 1 0 0 0 0 0
2482 2 0 0 1 0 0 0 0 0
2504 9 1 1 2 0 0 1 0 0
2507 3 0 0 0 0 0 1 0 0
2509 1 0 0 0 0 0 1 0 0
2510 3 0 0 1 0 0 0 0 0
2530 2 2 2 1 0 0 0 0 0
2536 1 0 0 0 0 0 1 0 0
2538 6 1 1 0 0 0 1 0 0
2539 3 0 0 0 0 0 0 0 0
2540 1 0 0 0 0 0 0 0 0
2543 7 0 0 0 0 0 1 0 0
2546 2 0 0 0 0 0 0 0 0
2558 8 1 1 2 0 0 0 0 0
2560 4 0 0 0 0 0 0 0 0
2604 4 1 1 2 0 0 2 0 0
2605 24 0 0 4 0 0 8 0 0
2607 24 0 0 21 0 0 0 0 0
fn=_dl_map_object_from_fd
474 2 1 1 1 0 0 0 0 0
923 30 2 2 0 0 0 20 1 1
934 8 0 0 2 0 0 4 1 1
935 2 0 0 0 0 0 2 0 0
938 12 0 0 0 0 0 2 0 0
949 29 1 1 9 0 0 0 0 0
950 26 1 1 14 2 2 0 0 0
967 4 1 1 2 0 0 0 0 0
992 4 1 1 2 0 0 0 0 0
1002 4 0 0 2 0 0 0 0 0
1024 8 0 0 4 0 0 0 0 0
1056 4 0 0 0 0 0 0 0 0
1059 16 1 1 8 0 0 2 0 0
1060 4 0 0 0 0 0 0 0 0
1071 6 0 0 4 0 0 2 1 1
1072 6 2 2 4 0 0 2 0 0
1073 4 0 0 2 0 0 2 0 0
1075 10 0 0 0 0 0 0 0 0
1076 8 0 0 4 0 0 0 0 0
1077 2 0 0 0 0 0 0 0 0
1092 2 0 0 0 0 0 2 0 0
1101 24 1 1 4 0 0 6 0 0
1102 2 0 0 0 0 0 0 0 0
1103 2 0 0 0 0 0 0 0 0
1109 142 2 2 0 0 0 0 0 0
1110 136 1 1 17 0 0 0 0 0
1116 4 0 0 2 0 0 2 0 0
1117 6 0 0 2 0 0 2 0 0
1118 2 0 0 0 0 0 0 0 0
1121 2 1 1 1 0 0 1 0 0
1122 1 0 0 0 0 0 0 0 0
1127 20 1 1 8 0 0 0 0 0
1133 24 0 0 8 0 0 0 0 0
1134 4 0 0 0 0 0 0 0 0
1141 20 0 0 4 0 0 0 0 0
1142 16 0 0 0 0 0 4 2 2
1143 12 1 1 4 0 0 0 0 0
1144 8 0 0 0 0 0 4 0 0
1145 4 0 0 0 0 0 4 0 0
1146 8 0 0 4 0 0 4 0 0
1147 8 1 1 0 0 0 4 0 0
1151 8 0 0 0 0 0 0 0 0
1152 6 0 0 2 0 0 0 0 0
1157 28 0 0 4 0 0 4 2 2
1167 4 0 0 0 0 0 0 0 0
1170 3 0 0 1 0 0 0 0 0
1174 1 0 0 0 0 0 1 1 1
1175 2 1 1 1 0 0 1 0 0
1176 2 0 0 0 0 0 0 0 0
1177 1 0 0 0 0 0 0 0 0
1179 3 0 0 1 0 0 1 0 0
1180 2 0 0 1 0 0 1 0 0
1183 2 0 0 1 0 0 1 0 0
1187 4 0 0 1 0 0 0 0 0
1193 3 0 0 1 0 0 2 1 1
1194 1 0 0 0 0 0 0 0 0
1198 8 0 0 2 0 0 2 0 0
1206 10 0 0 0 0 0 0 0 0
1250 4 1 1 2 0 0 2 0 0
1251 8 0 0 0 0 0 0 0 0
1254 4 1 1 2 0 0 2 1 1
1255 6 0 0 4 0 0 2 0 0
1256 2 0 0 0 0 0 0 0 0
1259 6 1 1 0 0 0 0 0 0
1272 16 0 0 10 0 0 2 0 0
1274 4 1 1 2 0 0 0 0 0
1288 2 0 0 2 0 0 0 0 0
1293 14 0 0 8 0 0 4 1 1
1297 4 1 1 0 0 0 0 0 0
1304 6 0 0 2 0 0 2 0 0
1305 6 0 0 4 0 0 2 0 0
1307 4 0 0 0 0 0 0 0 0
1313 12 0 0 2 0 0 2 0 0
1314 2 1 1 2 0 0 0 0 0
1317 2 0 0 2 0 0 0 0 0
1319 2 1 1 2 0 0 0 0 0
1340 20 1 1 4 0 0 0 0 0
1342 8 0 0 4 0 0 0 0 0
1344 20 0 0 8 0 0 2 0 0
1352 12 0 0 4 0 0 0 0 0
1353 6 0 0 4 0 0 2 0 0
1355 8 0 0 4 0 0 0 0 0
1356 5 1 1 3 0 0 0 0 0
1357 6 0 0 2 0 0 0 0 0
1358 5 1 1 1 0 0 0 0 0
1360 4 0 0 0 0 0 1 0 0
1363 16 0 0 8 0 0 0 0 0
1369 4 0 0 2 0 0 0 0 0
1370 2 0 0 0 0 0 0 0 0
1371 10 1 1 2 0 0 0 0 0
1372 4 0 0 0 0 0 0 0 0
1379 4 0 0 0 0 0 0 0 0
1382 4 0 0 0 0 0 0 0 0
1393 14 0 0 0 0 0 6 1 1
1394 10 0 0 6 0 0 0 0 0
1399 4 0 0 0 0 0 0 0 0
1403 8 0 0 1 0 0 1 0 0
1406 2 0 0 0 0 0 0 0 0
1414 4 1 1 0 0 0 0 0 0
1418 8 0 0 4 0 0 0 0 0
1427 6 0 0 2 0 0 2 0 0
1433 4 1 1 0 0 0 0 0 0
1449 6 0 0 2 0 0 0 0 0
1468 4 0 0 2 0 0 2 0 0
1470 10 1 1 4 0 0 0 0 0
1525 6 0 0 2 1 1 0 0 0
1526 2 0 0 1 0 0 1 0 0
1529 8 0 0 2 0 0 2 0 0
1537 14 2 2 2 0 0 0 0 0
1540 8 0 0 4 0 0 2 0 0
1542 4 0 0 2 0 0 0 0 0
1558 4 0 0 0 0 0 2 0 0
1562 4 0 0 2 0 0 0 0 0
1563 4 1 1 2 0 0 0 0 0
1580 4 0 0 2 0 0 0 0 0
1581 1 0 0 0 0 0 1 0 0
1584 4 0 0 2 0 0 2 0 0
1585 4 0 0 2 0 0 2 0 0
1589 4 1 1 2 0 0 0 0 0
1599 6 0 0 2 0 0 2 0 0
1603 8 0 0 2 0 0 0 0 0
1623 16 0 0 14 0 0 0 0 0
fn=expand_dynamic_string_token
161 6 0 0 0 0 0 2 0 0
162 4 0 0 0 0 0 2 0 0
164 4 0 0 0 0 0 0 0 0
167 8 0 0 0 0 0 0 0 0
415 16 1 1 0 0 0 10 0 0
425 10 1 1 0 0 0 2 0 0
440 10 0 0 10 0 0 0 0 0
fn=fillin_rpath
486 17 2 2 0 0 0 12 0 0
488 1 0 0 0 0 0 0 0 0
491 7 0 0 0 0 0 2 0 0
495 5 0 0 1 0 0 1 0 0
497 3 0 0 0 0 0 1 0 0
501 2 1 1 0 0 0 0 0 0
508 8 1 1 1 0 0 0 0 0
513 2 0 0 0 0 0 1 0 0
516 5 1 1 1 0 0 0 0 0
523 18 1 1 5 0 0 1 0 0
524 14 1 1 5 0 0 1 0 0
542 4 1 1 1 0 0 1 0 0
545 2 0 0 0 0 0 1 0 0
546 4 1 1 2 0 0 1 0 0
547 4 0 0 0 0 0 2 0 0
548 4 1 1 2 0 0 0 0 0
552 1 0 0 0 0 0 1 0 0
553 1 0 0 0 0 0 0 0 0
554 5 0 0 0 0 0 3 0 0
555 1 0 0 0 0 0 1 0 0
557 3 1 1 2 0 0 0 0 0
563 4 0 0 1 0 0 0 0 0
564 14 1 1 0 0 0 0 0 0
565 10 0 0 0 0 0 2 0 0
567 2 1 1 1 0 0 1 0 0
568 2 0 0 1 0 0 0 0 0
573 2 1 1 0 0 0 1 0 0
575 2 0 0 1 0 0 1 0 0
576 1 0 0 0 0 0 1 0 0
579 3 1 1 0 0 0 1 0 0
581 4 0 0 2 0 0 1 0 0
585 1 0 0 0 0 0 1 0 0
588 9 0 0 7 0 0 0 0 0
fn=open_path
2168 14 2 2 0 0 0 12 0 0
2169 2 0 0 1 0 0 1 0 0
2172 1 0 0 0 0 0 1 0 0
2173 1 0 0 0 0 0 1 0 0
2175 2 0 0 0 0 0 0 0 0
2180 8 1 1 2 0 0 0 0 0
2183 1 0 0 1 0 0 0 0 0
2187 2 0 0 0 0 0 0 0 0
2192 2 0 0 1 0 0 0 0 0
2199 5 0 0 2 0 0 2 0 0
2200 16 1 1 1 0 0 0 0 0
2203 8 1 1 4 0 0 0 0 0
2207 52 1 1 24 0 0 8 0 0
2210 4 0 0 0 0 0 0 0 0
2213 8 1 1 4 0 0 0 0 0
2216 28 0 0 16 0 0 4 0 0
2218 12 0 0 4 0 0 0 0 0
2220 8 0 0 0 0 0 0 0 0
2225 8 1 1 4 0 0 0 0 0
2226 36 0 0 16 0 0 0 0 0
2232 17 1 1 5 0 0 5 0 0
2234 24 0 0 4 0 0 4 0 0
2235 2 0 0 1 0 0 0 0 0
2237 21 1 1 4 0 0 4 0 0
2244 8 0 0 0 0 0 0 0 0
2254 2 1 1 0 0 0 1 0 0
2282 1 0 0 0 0 0 0 0 0
2285 5 0 0 1 0 0 0 0 0
2290 1 0 0 1 0 0 0 0 0
2292 4 1 1 3 0 0 0 0 0
2295 3 0 0 1 0 0 0 0 0
2309 11 2 2 7 0 0 0 0 0
fn=open_verify
1873 12 1 1 0 0 0 8 0 0
1909 3 0 0 1 0 0 0 0 0
1930 5 1 1 1 0 0 2 1 1
1931 2 0 0 0 0 0 0 0 0
1941 1 0 0 0 0 0 1 0 0
1942 2 0 0 0 0 0 1 0 0
1947 6 0 0 1 0 0 1 0 0
1949 2 0 0 0 0 0 0 0 0
1951 3 1 1 1 0 0 1 0 0
1953 2 0 0 0 0 0 0 0 0
1959 2 0 0 0 0 0 0 0 0
1975 11 1 1 0 0 0 1 0 0
1977 1 0 0 1 0 0 0 0 0
1979 4 0 0 0 0 0 1 0 0
2006 3 1 1 2 0 0 0 0 0
2050 2 0 0 1 0 0 0 0 0
2055 2 0 0 1 0 0 0 0 0
2058 4 1 1 1 0 0 0 0 0
2063 2 0 0 1 1 1 0 0 0
2070 5 0 0 1 0 0 0 0 0
2071 4 0 0 1 0 0 0 0 0
2072 1 0 0 0 0 0 0 0 0
2087 61 1 1 0 0 0 0 0 0
2089 19 1 1 9 5 5 0 0 0
2093 4 0 0 2 0 0 0 0 0
2094 2 0 0 0 0 0 0 0 0
2103 6 1 1 0 0 0 1 0 0
2106 1 0 0 0 0 0 0 0 0
2107 3 0 0 1 0 0 0 0 0
2108 3 0 0 1 0 0 0 0 0
2110 3 0 0 0 0 0 0 0 0
2154 8 0 0 7 0 0 0 0 0
fn=open_verify.constprop.6
1871 55 2 2 0 0 0 35 1 1
1909 15 0 0 5 0 0 0 0 0
1930 25 0 0 5 0 0 10 1 1
1931 10 0 0 0 0 0 0 0 0
1941 1 0 0 0 0 0 1 0 0
1942 2 1 1 0 0 0 1 0 0
1947 6 0 0 1 0 0 1 0 0
1949 2 0 0 0 0 0 0 0 0
1951 3 0 0 1 0 0 1 0 0
1953 2 0 0 0 0 0 0 0 0
1959 2 1 1 0 0 0 0 0 0
1975 11 0 0 0 0 0 1 0 0
1977 1 0 0 1 0 0 0 0 0
1979 4 1 1 0 0 0 1 0 0
2050 2 0 0 1 0 0 0 0 0
2055 2 0 0 1 0 0 0 0 0
2058 4 0 0 1 0 0 0 0 0
2063 2 0 0 1 0 0 0 0 0
2070 7 1 1 1 0 0 0 0 0
2071 4 0 0 1 0 0 0 0 0
2072 1 0 0 0 0 0 0 0 0
2087 45 1 1 0 0 0 0 0 0
2089 17 1 1 8 0 0 0 0 0
2093 4 0 0 2 0 0 0 0 0
2094 2 0 0 0 0 0 0 0 0
2103 12 1 1 0 0 0 2 0 0
2106 1 0 0 0 0 0 0 0 0
2107 3 0 0 1 0 0 0 0 0
2108 3 0 0 1 0 0 0 0 0
2110 3 0 0 0 0 0 0 0 0
2115 1 0 0 0 0 0 0 0 0
2116 1 0 0 0 0 0 0 0 0
2119 2 0 0 0 0 0 0 0 0
2122 3 0 0 1 0 0 0 0 0
2123 5 0 0 1 0 0 0 0 0
2124 2 1 1 1 0 0 0 0 0
2125 3 0 0 1 0 0 0 0 0
2126 6 0 0 2 0 0 0 0 0
2131 4 1 1 0 0 0 0 0 0
2154 40 0 0 35 0 0 0 0 0
fl=/build/eglibc-oGUzwX/eglibc-2.19/elf/dl-lookup.c
fn=_dl_lookup_symbol_x
475 192 0 0 0 0 0 0 0 0
476 5656 0 0 1366 87 82 96 0 0
477 5080 1 1 0 0 0 0 0 0
714 1344 2 2 0 0 0 768 6 0
716 192 0 0 0 0 0 96 1 0
717 192 1 1 0 0 0 192 0 0
720 96 0 0 96 3 0 0 0 0
724 372 0 0 90 0 0 0 0 0
728 192 1 1 0 0 0 96 0 0
729 192 0 0 96 0 0 0 0 0
731 192 0 0 192 6 0 0 0 0
735 788 1 1 5 0 0 192 0 0
737 1248 1 1 576 0 0 672 3 0
740 192 0 0 0 0 0 0 0 0
743 5 0 0 0 0 0 0 0 0
766 192 0 0 96 0 0 0 0 0
768 35 1 1 10 0 0 0 0 0
784 5 1 1 0 0 0 5 0 0
785 10 0 0 0 0 0 0 0 0
788 91 0 0 91 0 0 0 0 0
789 637 0 0 182 0 0 0 0 0
815 91 0 0 0 0 0 0 0 0
824 455 1 1 91 0 0 0 0 0
838 273 0 0 91 4 1 0 0 0
839 2 1 1 0 0 0 1 0 0
841 364 0 0 182 0 0 0 0 0
846 91 0 0 0 0 0 91 0 0
848 768 1 1 672 0 0 0 0 0
fn=_dl_setup_hash
859 12 1 1 4 0 0 0 0 0
863 4 0 0 4 0 0 0 0 0
867 8 1 1 4 4 4 4 1 1
868 4 0 0 4 0 0 0 0 0
869 4 0 0 4 1 1 0 0 0
871 12 0 0 0 0 0 0 0 0
872 4 0 0 0 0 0 4 0 0
873 12 0 0 4 0 0 4 0 0
875 4 0 0 0 0 0 4 0 0
876 8 0 0 0 0 0 0 0 0
878 4 1 1 0 0 0 4 0 0
879 4 0 0 0 0 0 0 0 0
880 16 0 0 0 0 0 4 0 0
881 4 0 0 4 0 0 0 0 0
fn=check_match.9481
131 644 1 1 0 0 0 368 0 0
132 184 0 0 92 15 6 0 0 0
134 368 0 0 184 11 10 0 0 0
136 276 0 0 92 0 0 0 0 0
146 273 1 1 91 0 0 91 5 0
149 308 0 0 154 0 0 21 0 0
153 182 0 0 182 0 0 0 0 0
154 273 0 0 91 0 0 0 0 0
156 180 0 0 0 0 0 0 0 0
175 180 1 1 180 12 2 0 0 0
176 720 0 0 270 4 0 0 0 0
177 450 1 1 180 1 0 90 0 0
204 2 0 0 0 0 0 0 0 0
206 6 0 0 2 1 1 0 0 0
207 4 0 0 1 0 0 0 0 0
215 1 0 0 0 0 0 0 0 0
222 643 1 1 460 0 0 0 0 0
fn=do_lookup_x
77 768 1 1 288 0 0 480 3 0
82 1152 1 1 192 0 0 672 4 0
83 96 0 0 96 1 0 0 0 0
89 96 0 0 96 0 0 0 0 0
95 302 1 1 0 0 0 302 0 0
96 302 0 0 0 0 0 302 0 0
98 906 0 0 604 13 0 302 0 0
101 604 0 0 0 0 0 0 0 0
105 604 0 0 302 0 0 0 0 0
109 604 1 1 302 10 0 0 0 0
113 604 0 0 302 2 0 0 0 0
119 906 0 0 302 4 0 0 0 0
123 604 0 0 604 18 0 0 0 0
124 906 0 0 604 0 0 302 0 0
225 302 0 0 302 0 0 0 0 0
226 604 1 1 0 0 0 0 0 0
228 302 0 0 302 48 33 0 0 0
229 192 0 0 0 0 0 0 0 0
230 604 0 0 302 0 0 0 0 0
232 384 0 0 0 0 0 0 0 0
233 1208 0 0 302 0 0 0 0 0
236 1208 0 0 0 0 0 0 0 0
237 906 0 0 0 0 0 0 0 0
239 194 0 0 194 51 43 0 0 0
240 388 1 1 0 0 0 0 0 0
241 194 0 0 0 0 0 0 0 0
243 291 1 1 97 0 0 0 0 0
246 955 0 0 191 68 58 0 0 0
248 736 1 1 184 0 0 184 0 0
249 736 0 0 0 0 0 460 1 0
250 464 0 0 279 0 0 0 0 0
253 300 0 0 0 0 0 0 0 0
257 211 0 0 0 0 0 211 0 0
281 422 1 1 211 0 0 0 0 0
286 680 1 1 91 0 0 0 0 0
290 218 0 0 12 1 0 91 0 0
303 182 1 1 91 0 0 91 0 0
304 182 0 0 91 0 0 91 0 0
305 91 0 0 0 0 0 0 0 0
461 1200 0 0 400 2 0 0 0 0
462 374 0 0 136 0 0 136 0 0
465 633 1 1 0 0 0 0 0 0
468 10 0 0 0 0 0 0 0 0
469 768 0 0 672 0 0 0 0 0
fl=/build/eglibc-oGUzwX/eglibc-2.19/elf/dl-minimal.c
fn=__libc_memalign
51 88 1 1 0 0 0 44 2 2
52 108 0 0 43 0 0 0 0 0
57 3 0 0 0 0 0 1 0 0
58 3 1 1 1 0 0 0 0 0
59 1 0 0 0 0 0 0 0 0
63 66 1 1 0 0 0 22 0 0
64 22 0 0 0 0 0 0 0 0
66 142 0 0 0 0 0 0 0 0
70 12 0 0 3 0 0 0 0 0
71 9 1 1 0 0 0 0 0 0
77 21 0 0 0 0 0 3 0 0
79 15 0 0 6 0 0 0 0 0
83 9 0 0 0 0 0 3 0 0
86 22 0 0 0 0 0 22 0 0
87 22 0 0 0 0 0 22 0 0
89 167 0 0 66 0 0 0 0 0
fn=calloc
102 8 1 1 0 0 0 0 0 0
106 8 0 0 0 0 0 0 0 0
109 40 0 0 0 0 0 0 0 0
113 8 0 0 0 0 0 0 0 0
fn=free
119 2 0 0 0 0 0 1 0 0
121 2 1 1 1 0 0 0 0 0
128 2 0 0 2 0 0 0 0 0
fn=malloc
93 21 1 1 0 0 0 0 0 0
94 42 0 0 0 0 0 0 0 0
fn=strsep
338 8 1 1 4 0 0 0 0 0
340 4 0 0 4 0 0 0 0 0
341 8 0 0 0 0 0 0 0 0
345 402 1 1 80 0 0 0 0 0
350 312 0 0 156 0 0 0 0 0
352 468 0 0 156 0 0 0 0 0
360 78 0 0 0 0 0 0 0 0
363 2 0 0 0 0 0 2 0 0
367 4 0 0 4 0 0 0 0 0
fl=/build/eglibc-oGUzwX/eglibc-2.19/elf/dl-misc.c
fn=_dl_name_match_p
288 240 1 1 0 0 0 96 1 0
289 192 0 0 48 3 0 48 3 2
290 51 0 0 0 0 0 0 0 0
292 48 0 0 48 0 0 0 0 0
294 194 0 0 0 0 0 0 0 0
295 260 1 1 52 5 0 52 0 0
298 49 0 0 49 0 0 0 0 0
300 45 0 0 0 0 0 0 0 0
301 240 0 0 144 0 0 0 0 0
fn=_dl_sysdep_read_whole_file
45 7 1 1 0 0 0 4 0 0
46 1 0 0 0 0 0 0 0 0
52 4 1 1 0 0 0 1 0 0
53 2 0 0 0 0 0 0 0 0
55 6 0 0 0 0 0 1 0 0
57 2 0 0 1 0 0 1 1 1
60 2 0 0 0 0 0 0 0 0
62 8 1 1 0 0 0 1 0 0
73 2 0 0 0 0 0 1 0 0
76 7 0 0 5 0 0 0 0 0
fl=/build/eglibc-oGUzwX/eglibc-2.19/elf/dl-object.c
fn=_dl_add_to_namespace_list
32 15 1 1 0 0 0 6 0 0
34 6 0 0 3 0 0 3 0 0
36 22 1 1 3 0 0 0 0 0
39 15 0 0 5 0 0 0 0 0
40 3 0 0 0 0 0 0 0 0
41 2 0 0 0 0 0 2 0 0
43 2 0 0 0 0 0 2 0 0
46 2 0 0 0 0 0 1 0 0
47 9 0 0 3 0 0 0 0 0
48 6 0 0 3 0 0 3 0 0
49 6 0 0 0 0 0 3 0 0
51 9 0 0 3 0 0 0 0 0
52 9 0 0 6 0 0 0 0 0
fn=_dl_new_object
61 42 2 2 0 0 0 30 1 1
62 15 0 0 0 0 0 3 0 0
68 36 1 1 6 0 0 0 0 0
75 15 0 0 0 0 0 6 0 0
78 6 0 0 0 0 0 0 0 0
81 3 0 0 0 0 0 3 3 3
82 6 1 1 0 0 0 3 3 3
86 6 0 0 0 0 0 3 1 1
87 15 0 0 6 0 0 6 1 1
89 3 1 1 0 0 0 3 0 0
97 15 0 0 6 0 0 3 0 0
98 18 0 0 6 3 3 3 0 0
101 6 0 0 3 0 0 0 0 0
102 7 1 1 0 0 0 3 3 3
103 3 1 1 0 0 0 3 0 0
107 3 0 0 0 0 0 3 0 0
110 43 0 0 0 0 0 0 0 0
112 32 0 0 0 0 0 16 5 5
122 6 0 0 0 0 0 3 1 1
123 3 1 1 0 0 0 3 3 3
126 3 0 0 0 0 0 0 0 0
128 18 0 0 3 0 0 0 0 0
130 6 0 0 0 0 0 2 1 1
133 7 0 0 0 0 0 0 0 0
137 6 0 0 2 0 0 0 0 0
141 15 0 0 2 0 0 0 0 0
143 1 1 1 0 0 0 0 0 0
149 1 0 0 0 0 0 1 1 1
152 6 0 0 0 0 0 3 0 0
155 15 1 1 6 0 0 0 0 0
157 10 0 0 2 0 0 4 0 0
161 10 0 0 0 0 0 0 0 0
165 6 1 1 0 0 0 2 0 0
166 8 0 0 0 0 0 0 0 0
211 8 1 1 4 0 0 2 0 0
216 82 0 0 0 0 0 0 0 0
217 88 0 0 42 0 0 0 0 0
222 4 0 0 0 0 0 2 0 0
225 4 0 0 0 0 0 2 0 0
229 24 1 1 21 0 0 0 0 0
fl=/build/eglibc-oGUzwX/eglibc-2.19/elf/dl-open.c
fn=_dl_find_dso_for_object
182 5 1 1 1 0 0 0 0 0
183 10 2 2 3 0 0 0 0 0
184 12 0 0 6 0 0 0 0 0
185 2 0 0 1 0 0 0 0 0
188 2 1 1 1 0 0 0 0 0
192 1 0 0 1 0 0 0 0 0
fl=/build/eglibc-oGUzwX/eglibc-2.19/elf/dl-reloc.c
fn=_dl_relocate_object
154 48 2 2 0 0 0 32 0 0
161 4 0 0 0 0 0 4 0 0
164 8 1 1 0 0 0 0 0 0
165 20 1 1 0 0 0 12 0 0
169 8 0 0 0 0 0 0 0 0
170 16 0 0 8 1 0 0 0 0
176 8 0 0 4 0 0 0 0 0
182 12 0 0 4 0 0 0 0 0
183 8 1 1 4 3 0 0 0 0
186 8 0 0 4 0 0 0 0 0
193 8 0 0 4 1 0 0 0 0
238 12 1 1 8 0 0 4 0 0
264 225 3 3 79 10 0 51 0 0
267 12 0 0 4 0 0 0 0 0
295 4 0 0 4 0 0 0 0 0
298 8 0 0 4 0 0 0 0 0
315 12 0 0 4 2 0 0 0 0
317 32 1 1 28 1 0 0 0 0
323 16 1 1 8 1 0 0 0 0
324 8 0 0 4 0 0 0 0 0
325 8 0 0 0 0 0 0 0 0
328 8 1 1 0 0 0 0 0 0
329 20 0 0 0 0 0 4 0 0
fl=/build/eglibc-oGUzwX/eglibc-2.19/elf/dl-tls.c
fn=__tls_get_addr
770 1 1 1 1 0 0 0 0 0
772 3 0 0 2 2 0 0 0 0
775 3 0 0 2 1 0 0 0 0
777 2 0 0 0 0 0 0 0 0
780 1 0 0 1 0 0 0 0 0
781 1 0 0 1 0 0 0 0 0
fn=_dl_add_to_slotinfo
831 4 1 1 0 0 0 3 0 0
837 2 1 1 1 0 0 0 0 0
840 1 0 0 1 1 0 0 0 0
845 5 0 0 1 1 0 0 0 0
886 1 0 0 0 0 0 1 0 0
887 3 1 1 1 1 0 1 0 0
888 4 0 0 4 0 0 0 0 0
fn=_dl_allocate_tls_init
376 8 1 1 0 0 0 7 0 0
377 2 0 0 0 0 0 0 0 0
381 3 0 0 2 1 0 1 0 0
383 1 0 0 0 0 0 0 0 0
384 1 0 0 0 0 0 0 0 0
389 3 0 0 1 0 0 1 0 0
394 12 1 1 2 0 0 0 0 0
400 9 0 0 0 0 0 0 0 0
403 1 1 1 1 0 0 0 0 0
404 2 0 0 0 0 0 0 0 0
410 3 0 0 1 0 0 0 0 0
412 2 0 0 0 0 0 0 0 0
413 2 0 0 1 0 0 0 0 0
422 2 1 1 1 0 0 0 0 0
423 4 0 0 2 0 0 0 0 0
425 2 0 0 0 0 0 0 0 0
426 2 1 1 1 0 0 0 0 0
434 4 0 0 1 0 0 1 1 0
435 1 0 0 0 0 0 1 0 0
436 11 0 0 4 0 0 2 0 0
450 2 1 1 1 0 0 1 0 0
452 1 0 0 1 0 0 0 0 0
453 8 1 1 7 0 0 0 0 0
fn=_dl_allocate_tls_storage
295 2 0 0 1 0 0 0 0 0
296 3 1 1 0 0 0 1 0 0
297 2 0 0 0 0 0 0 0 0
300 1 0 0 0 0 0 1 1 1
306 2 0 0 0 0 0 1 0 0
328 3 1 1 0 0 0 3 0 0
330 1 0 0 1 0 0 0 0 0
341 4 0 0 1 0 0 1 0 0
342 2 0 0 0 0 0 0 0 0
349 1 0 0 0 0 0 0 0 0
353 306 1 1 0 0 0 288 36 36
370 5 0 0 4 0 0 0 0 0
fn=_dl_determine_tlsoffset
112 7 1 1 0 0 0 6 0 0
113 2 1 1 0 0 0 0 0 0
114 1 0 0 0 0 0 0 0 0
115 1 0 0 0 0 0 0 0 0
118 3 1 1 1 0 0 0 0 0
121 2 0 0 1 0 0 0 0 0
123 1 0 0 0 0 0 0 0 0
155 1 0 0 0 0 0 0 0 0
157 10 0 0 2 0 0 0 0 0
159 3 0 0 1 0 0 0 0 0
161 3 0 0 1 0 0 0 0 0
162 2 1 1 1 0 0 0 0 0
164 2 0 0 0 0 0 0 0 0
166 5 0 0 1 0 0 0 0 0
168 2 1 1 0 0 0 0 0 0
182 9 1 1 0 0 0 0 0 0
184 3 0 0 0 0 0 0 0 0
185 1 0 0 0 0 0 0 0 0
194 1 0 0 0 0 0 1 0 0
197 4 0 0 0 0 0 1 0 0
198 1 0 0 0 0 0 1 0 0
249 1 0 0 0 0 0 1 0 0
250 8 0 0 7 0 0 0 0 0
fn=_dl_next_tls_modid
50 1 1 1 0 0 0 0 0 0
53 3 0 0 2 0 0 0 0 0
101 2 0 0 0 0 0 1 0 0
105 2 0 0 1 0 0 0 0 0
fl=/build/eglibc-oGUzwX/eglibc-2.19/elf/dl-version.c
fn=_dl_check_all_versions
380 6 1 1 0 0 0 4 0 0
382 2 0 0 0 0 0 0 0 0
384 16 0 0 4 0 0 0 0 0
385 4 0 0 0 0 0 0 0 0
386 40 1 1 4 0 0 4 0 0
389 7 0 0 5 0 0 0 0 0
fn=_dl_check_map_versions
56 24 0 0 4 0 0 0 0 0
57 5 0 0 5 0 0 0 0 0
58 37 1 1 0 0 0 7 0 0
174 44 1 1 0 0 0 32 0 0
175 2 0 0 0 0 0 0 0 0
183 2 0 0 0 0 0 0 0 0
189 12 0 0 4 0 0 0 0 0
191 8 0 0 4 0 0 4 0 0
193 8 0 0 4 0 0 4 0 0
194 8 1 1 4 0 0 4 0 0
196 8 0 0 0 0 0 0 0 0
199 8 0 0 6 0 0 2 0 0
203 12 1 1 4 2 2 0 0 0
220 6 0 0 6 0 0 0 0 0
228 6 0 0 2 0 0 0 0 0
233 14 0 0 4 0 0 0 0 0
237 50 2 2 29 2 1 6 0 0
244 12 0 0 3 0 0 0 0 0
247 11 0 0 3 0 0 0 0 0
252 1 0 0 0 0 0 0 0 0
256 8 0 0 4 0 0 0 0 0
270 12 1 1 4 0 0 0 0 0
273 6 0 0 4 0 0 0 0 0
276 112 0 0 28 8 8 0 0 0
279 84 0 0 28 3 3 0 0 0
283 26 0 0 0 0 0 0 0 0
287 8 1 1 0 0 0 0 0 0
292 3 0 0 0 0 0 3 0 0
293 12 0 0 0 0 0 3 0 0
294 6 1 1 0 0 0 0 0 0
302 3 0 0 0 0 0 3 0 0
305 9 0 0 6 0 0 3 0 0
307 9 0 0 3 0 0 0 0 0
310 8 0 0 6 0 0 0 0 0
314 6 0 0 2 0 0 0 0 0
317 9 1 1 3 0 0 0 0 0
319 9 0 0 0 0 0 0 0 0
321 15 0 0 3 0 0 3 0 0
322 9 0 0 0 0 0 3 2 2
323 9 0 0 3 0 0 3 0 0
324 9 1 1 3 0 0 3 1 1
327 9 0 0 3 0 0 0 0 0
332 1 0 0 0 0 0 0 0 0
335 6 0 0 2 0 0 0 0 0
345 9 0 0 3 0 0 0 0 0
348 8 0 0 6 0 0 0 0 0
352 28 0 0 28 0 0 0 0 0
354 56 0 0 28 0 0 0 0 0
358 26 0 0 26 0 0 0 0 0
359 130 0 0 26 0 0 26 8 8
360 78 0 0 26 0 0 26 0 0
361 26 0 0 0 0 0 26 3 3
364 84 0 0 28 0 0 0 0 0
368 26 0 0 0 0 0 0 0 0
373 7 0 0 0 0 0 0 0 0
374 32 2 2 28 0 0 0 0 0
fn=match_symbol
76 39 2 2 0 0 0 24 0 0
77 6 0 0 6 0 0 0 0 0
85 6 0 0 3 0 0 0 0 0
91 9 0 0 3 0 0 0 0 0
106 3 0 0 3 0 0 0 0 0
107 6 1 1 0 0 0 0 0 0
109 3 0 0 3 0 0 0 0 0
114 20 0 0 10 3 3 0 0 0
128 20 0 0 10 1 1 0 0 0
130 3 1 1 3 0 0 0 0 0
133 18 0 0 3 0 0 3 0 0
140 21 0 0 7 0 0 0 0 0
144 7 0 0 0 0 0 0 0 0
168 24 0 0 21 0 0 0 0 0
fl=/build/eglibc-oGUzwX/eglibc-2.19/elf/do-rel.h
fn=_dl_relocate_object
47 16 0 0 8 0 0 0 0 0
48 8 0 0 8 0 0 0 0 0
50 2 0 0 0 0 0 0 0 0
51 2 0 0 0 0 0 2 1 0
58 24 0 0 8 0 0 0 0 0
61 81 0 0 0 0 0 0 0 0
63 69 1 1 23 8 8 0 0 0
65 17 1 1 0 0 0 0 0 0
74 6 0 0 0 0 0 0 0 0
75 29 1 1 9 0 0 0 0 0
76 10 0 0 5 0 0 0 0 0
83 10 0 0 5 0 0 5 0 0
84 5 1 1 5 0 0 0 0 0
86 10 0 0 0 0 0 0 0 0
98 15 0 0 0 0 0 0 0 0
108 9 1 1 1 1 1 0 0 0
111 3590 0 0 0 0 0 0 0 0
112 2388 1 1 1194 0 0 0 0 0
118 15 0 0 5 4 0 0 0 0
121 8 1 1 4 3 0 4 1 0
124 298 1 1 96 0 0 0 0 0
127 376 1 1 94 24 21 0 0 0
129 3 0 0 0 0 0 0 0 0
136 282 0 0 188 39 37 0 0 0
137 536 0 0 94 0 0 94 0 0
138 174 0 0 94 1 0 0 0 0
139 188 0 0 94 0 0 0 0 0
143 4 0 0 0 0 0 0 0 0
160 23 2 2 5 0 0 4 0 0
162 20 0 0 5 2 2 0 0 0
170 25 1 1 5 0 0 5 0 0
171 10 0 0 10 0 0 0 0 0
174 5 0 0 2 0 0 0 0 0
fn=_dl_start
83 1 0 0 1 0 0 0 0 0
84 1 0 0 1 0 0 0 0 0
111 33 1 1 0 0 0 0 0 0
112 20 0 0 10 3 3 0 0 0
116 2 0 0 1 0 0 0 0 0
124 31 1 1 0 0 0 0 0 0
137 45 0 0 9 2 2 0 0 0
139 18 0 0 9 0 0 0 0 0
fl=/build/eglibc-oGUzwX/eglibc-2.19/elf/get-dynamic-info.h
fn=_dl_map_object_from_fd
38 4 0 0 0 0 0 0 0 0
42 2 0 0 0 0 0 0 0 0
44 141 1 1 47 13 13 0 0 0
46 90 1 1 0 0 0 0 0 0
51 42 0 0 0 0 0 0 0 0
52 71 0 0 0 0 0 43 12 12
53 8 0 0 0 0 0 0 0 0
55 2 0 0 0 0 0 0 0 0
56 10 1 1 0 0 0 0 0 0
58 2 0 0 0 0 0 0 0 0
59 10 0 0 0 0 0 0 0 0
60 2 0 0 0 0 0 0 0 0
61 8 0 0 0 0 0 2 1 1
62 45 0 0 0 0 0 0 0 0
69 4 1 1 0 0 0 0 0 0
89 7 0 0 3 0 0 0 0 0
90 8 0 0 4 0 0 0 0 0
91 8 0 0 4 0 0 0 0 0
92 8 0 0 4 0 0 0 0 0
94 8 1 1 4 0 0 0 0 0
99 8 0 0 4 0 0 0 0 0
100 7 0 0 3 1 1 0 0 0
101 8 0 0 4 0 0 0 0 0
107 6 1 1 2 0 0 0 0 0
112 4 0 0 2 0 0 0 0 0
119 4 0 0 2 0 0 0 0 0
120 6 0 0 4 0 0 0 0 0
136 6 0 0 2 0 0 0 0 0
141 2 0 0 1 0 0 1 0 0
143 2 0 0 0 0 0 0 0 0
145 2 0 0 0 0 0 0 0 0
147 2 0 0 0 0 0 0 0 0
150 6 1 1 2 0 0 0 0 0
152 2 0 0 1 0 0 1 0 0
160 2 1 1 1 0 0 0 0 0
161 2 0 0 0 0 0 0 0 0
165 2 0 0 0 0 0 0 0 0
168 4 0 0 2 0 0 0 0 0
fn=_dl_start
44 57 1 1 19 6 6 0 0 0
46 36 0 0 0 0 0 0 0 0
47 26 0 0 0 0 0 13 3 3
51 21 1 1 0 0 0 0 0 0
52 18 0 0 0 0 0 4 2 2
53 4 1 1 0 0 0 0 0 0
55 1 0 0 0 0 0 0 0 0
56 5 0 0 0 0 0 0 0 0
58 2 0 0 0 0 0 0 0 0
59 5 2 2 0 0 0 0 0 0
60 1 0 0 0 0 0 0 0 0
61 5 0 0 0 0 0 1 1 1
62 18 0 0 0 0 0 0 0 0
69 2 0 0 0 0 0 0 0 0
89 4 0 0 2 0 0 0 0 0
90 4 1 1 2 0 0 0 0 0
91 4 0 0 2 0 0 0 0 0
92 4 0 0 2 0 0 0 0 0
94 4 0 0 2 0 0 0 0 0
99 4 1 1 2 0 0 0 0 0
100 4 0 0 2 0 0 0 0 0
101 4 0 0 2 0 0 0 0 0
107 3 0 0 1 0 0 0 0 0
112 2 1 1 1 0 0 0 0 0
119 3 0 0 1 0 0 0 0 0
120 3 0 0 2 0 0 0 0 0
128 3 0 0 1 0 0 0 0 0
130 3 1 1 1 1 1 0 0 0
133 2 0 0 1 0 0 0 0 0
134 2 0 0 1 0 0 0 0 0
fn=dl_main
29 1 0 0 1 0 0 0 0 0
38 2 0 0 0 0 0 0 0 0
42 1 0 0 0 0 0 0 0 0
44 63 0 0 21 6 6 0 0 0
46 40 1 1 0 0 0 0 0 0
51 17 1 1 0 0 0 0 0 0
52 30 0 0 0 0 0 19 5 5
53 4 0 0 0 0 0 0 0 0
55 1 0 0 0 0 0 0 0 0
56 5 1 1 0 0 0 0 0 0
58 1 0 0 0 0 0 0 0 0
59 5 0 0 0 0 0 0 0 0
60 1 0 0 0 0 0 0 0 0
61 4 1 1 0 0 0 1 0 0
62 20 0 0 0 0 0 0 0 0
69 3 1 1 1 0 0 0 0 0
107 3 2 2 1 0 0 0 0 0
112 2 0 0 1 0 0 0 0 0
119 2 0 0 1 0 0 0 0 0
136 3 0 0 1 0 0 0 0 0
150 3 1 1 1 0 0 0 0 0
168 2 1 1 1 0 0 0 0 0
fl=/build/eglibc-oGUzwX/eglibc-2.19/elf/rtld.c
fn=_dl_initial_error_catch_tsd
797 8 0 0 4 0 0 0 0 0
fn=_dl_start
284 75 3 3 8 1 1 8 1 1
296 2 0 0 0 0 0 1 0 0
297 2 0 0 0 0 0 1 0 0
298 2 1 1 0 0 0 1 0 0
299 2 0 0 0 0 0 1 1 1
300 2 0 0 0 0 0 1 0 0
321 5 1 1 0 0 0 1 0 0
325 1 0 0 0 0 0 1 0 0
331 4 1 0 0 0 0 1 0 0
340 4 0 0 0 0 0 0 0 0
343 2 0 0 1 1 0 1 1 0
347 2 0 0 1 0 0 0 0 0
361 9 1 1 0 0 0 6 1 1
379 5 0 0 0 0 0 1 1 1
405 1 0 0 0 0 0 1 1 1
408 1 0 0 0 0 0 1 1 1
536 2 0 0 0 0 0 0 0 0
541 34 3 3 9 0 0 0 0 0
543 1 1 1 1 1 1 0 0 0
568 9 0 0 7 1 0 0 0 0
fn=dl_main
887 12 1 1 0 0 0 8 3 3
893 1 0 0 0 0 0 0 0 0
895 2 0 0 0 0 0 0 0 0
896 1 0 0 0 0 0 0 0 0
902 1 0 0 0 0 0 1 0 0
906 2 0 0 0 0 0 1 0 0
909 2 0 0 0 0 0 1 1 1
913 2 0 0 0 0 0 1 1 1
914 2 0 0 0 0 0 1 0 0
919 2 1 1 0 0 0 1 0 0
929 4 2 2 2 0 0 0 0 0
1128 8 1 1 0 0 0 1 0 0
1130 2 0 0 0 0 0 0 0 0
1131 1 0 0 0 0 0 1 1 1
1132 2 1 1 1 0 0 1 0 0
1133 3 0 0 2 0 0 1 0 0
1137 3 0 0 0 0 0 1 0 0
1138 2 0 0 1 0 0 0 0 0
1159 1 0 0 0 0 0 1 0 0
1160 1 0 0 0 0 0 1 0 0
1162 1 0 0 0 0 0 1 0 0
1164 1 1 1 1 0 0 0 0 0
1167 36 1 1 3 0 0 0 0 0
1168 71 1 1 9 5 5 0 0 0
1172 3 1 1 1 0 0 1 0 0
1173 1 0 0 0 0 0 0 0 0
1177 3 1 1 2 0 0 1 0 0
1178 1 0 0 0 0 0 0 0 0
1186 1 0 0 0 0 0 1 1 1
1187 2 1 1 2 1 1 0 0 0
1189 2 1 1 0 0 0 1 0 0
1196 3 0 0 1 0 0 0 0 0
1214 1 0 0 0 0 0 0 0 0
1222 4 0 0 2 0 0 0 0 0
1223 10 2 2 3 1 1 0 0 0
1224 4 0 0 2 0 0 0 0 0
1225 1 0 0 0 0 0 1 0 0
1228 4 0 0 2 1 1 0 0 0
1229 4 0 0 2 0 0 0 0 0
1230 2 0 0 0 0 0 2 0 0
1231 6 0 0 3 0 0 0 0 0
1232 2 0 0 0 0 0 1 0 0
1259 2 1 1 1 0 0 1 1 1
1260 1 0 0 0 0 0 0 0 0
1263 2 0 0 1 0 0 1 0 0
1264 2 0 0 1 0 0 1 0 0
1265 1 0 0 0 0 0 0 0 0
1270 3 0 0 1 1 1 0 0 0
1273 2 0 0 0 0 0 0 0 0
1275 2 0 0 0 0 0 0 0 0
1277 2 1 1 1 0 0 0 0 0
1290 3 0 0 1 0 0 0 0 0
1291 11 1 1 6 0 0 2 0 0
1296 1 0 0 0 0 0 1 0 0
1298 1 0 0 0 0 0 1 1 1
1299 1 0 0 0 0 0 1 0 0
1301 2 0 0 1 0 0 0 0 0
1302 2 1 1 0 0 0 1 0 0
1306 2 0 0 1 0 0 0 0 0
1308 2 0 0 0 0 0 0 0 0
1313 2 0 0 0 0 0 1 0 0
1316 4 1 1 0 0 0 1 0 0
1332 3 1 1 0 0 0 1 0 0
1338 9 1 1 1 0 0 2 0 0
1343 2 1 1 1 0 0 1 0 0
1346 4 0 0 1 0 0 2 0 0
1348 1 0 0 0 0 0 1 0 0
1353 2 0 0 1 0 0 0 0 0
1356 3 0 0 2 0 0 1 0 0
1357 4 1 1 1 0 0 1 0 0
1358 2 0 0 0 0 0 1 0 0
1359 1 0 0 0 0 0 1 0 0
1360 1 0 0 1 0 0 0 0 0
1361 1 0 0 1 0 0 0 0 0
1366 2 0 0 1 0 0 0 0 0
1367 5 1 1 1 0 0 1 0 0
1371 1 0 0 1 0 0 0 0 0
1373 4 0 0 1 0 0 0 0 0
1374 2 0 0 0 0 0 1 0 0
1375 4 1 1 1 1 1 1 0 0
1380 2 0 0 0 0 0 0 0 0
1381 6 0 0 1 1 1 0 0 0
1383 2 0 0 1 0 0 1 1 1
1384 2 0 0 1 0 0 1 0 0
1389 2 0 0 1 1 1 0 0 0
1394 3 1 1 1 0 0 0 0 0
1575 3 0 0 1 0 0 0 0 0
1578 2 0 0 1 0 0 1 0 0
1582 3 1 1 1 0 0 0 0 0
1587 2 0 0 1 0 0 1 0 0
1588 1 0 0 0 0 0 1 0 0
1593 3 0 0 1 0 0 0 0 0
1608 3 1 1 2 0 0 0 0 0
1610 1 0 0 0 0 0 0 0 0
1612 3 0 0 1 0 0 0 0 0
1619 11 1 1 0 0 0 3 0 0
1622 6 0 0 0 0 0 0 0 0
1625 12 1 1 0 0 0 2 0 0
1626 2 0 0 1 0 0 0 0 0
1627 3 0 0 1 0 0 0 0 0
1629 6 1 1 0 0 0 1 0 0
1631 4 0 0 0 0 0 0 0 0
1632 2 0 0 1 0 0 0 0 0
1633 3 1 1 0 0 0 1 0 0
1643 5 0 0 0 0 0 1 0 0
1720 4 1 1 2 0 0 0 0 0
1724 8 1 1 0 0 0 0 0 0
1725 1 0 0 0 0 0 0 0 0
1728 2 0 0 0 0 0 1 0 0
1729 1 0 0 1 0 0 0 0 0
1730 2 0 0 0 0 0 0 0 0
1731 2 1 1 0 0 0 0 0 0
1737 5 0 0 0 0 0 0 0 0
1738 8 0 0 0 0 0 1 0 0
1739 4 1 1 0 0 0 0 0 0
1741 2 0 0 1 0 0 0 0 0
1744 13 0 0 2 0 0 0 0 0
1745 16 0 0 8 0 0 0 0 0
1748 3 0 0 2 0 0 1 0 0
1749 3 1 1 1 0 0 0 0 0
1750 1 0 0 0 0 0 1 0 0
1752 12 1 1 0 0 0 0 0 0
1753 9 0 0 4 0 0 0 0 0
1763 2 1 1 0 0 0 1 0 0
1765 2 0 0 1 0 0 1 0 0
1766 2 1 1 1 0 0 0 0 0
1768 3 0 0 0 0 0 1 0 0
1770 3 0 0 0 0 0 0 0 0
1772 3 0 0 1 0 0 0 0 0
1773 1 1 1 1 0 0 0 0 0
1784 3 1 1 0 0 0 0 0 0
1786 2 0 0 0 0 0 0 0 0
1787 2 0 0 0 0 0 1 0 0
1788 3 0 0 1 0 0 0 0 0
1799 4 0 0 0 0 0 1 0 0
1800 1 1 1 0 0 0 1 0 0
1801 5 0 0 0 0 0 1 0 0
1811 2 1 1 1 0 0 1 0 0
1812 2 0 0 1 0 0 0 0 0
1813 2 0 0 0 0 0 2 0 0
1815 2 0 0 1 0 0 0 0 0
1818 1 0 0 0 0 0 1 0 0
1820 2 0 0 1 0 0 0 0 0
2050 3 1 1 1 0 0 0 0 0
2106 2 1 1 0 0 0 1 0 0
2110 4 1 1 2 0 0 2 0 0
2114 2 0 0 1 0 0 1 0 0
2117 2 0 0 0 0 0 0 0 0
2125 2 1 1 0 0 0 0 0 0
2136 1 1 1 1 0 0 0 0 0
2171 3 2 2 1 0 0 0 0 0
2178 1 0 0 1 0 0 0 0 0
2180 11 0 0 1 0 0 1 0 0
2182 13 1 1 1 1 0 0 0 0
2184 12 1 1 8 1 0 0 0 0
2189 8 0 0 8 0 0 0 0 0
2191 10 0 0 0 0 0 0 0 0
2193 1 1 1 0 0 0 1 0 0
2194 1 0 0 1 0 0 0 0 0
2197 4 0 0 4 0 0 0 0 0
2199 12 0 0 0 0 0 0 0 0
2200 24 0 0 6 2 0 3 0 0
2204 14 0 0 5 2 0 0 0 0
2205 3 0 0 0 0 0 1 0 0
2207 4 0 0 0 0 0 0 0 0
2209 2 1 1 0 0 0 1 0 0
2215 2 0 0 1 0 0 0 0 0
2220 4 1 1 2 0 0 0 0 0
2221 1 1 1 1 0 0 0 0 0
2226 2 0 0 1 1 0 1 0 0
2230 2 0 0 1 0 0 0 0 0
2244 3 1 1 2 1 0 0 0 0
2246 4 1 1 1 0 0 0 0 0
2261 5 0 0 0 0 0 0 0 0
2263 1 0 0 1 0 0 0 0 0
2264 5 0 0 1 0 0 1 0 0
2265 4 0 0 0 0 0 0 0 0
2267 3 0 0 1 0 0 0 0 0
2275 1 0 0 0 0 0 1 0 0
2279 3 0 0 1 0 0 0 0 0
2299 3 0 0 0 0 0 1 0 0
2300 1 0 0 0 0 0 1 0 0
2301 1 0 0 0 0 0 1 0 0
2306 1 0 0 0 0 0 1 0 0
2311 8 1 1 7 2 0 0 0 0
2481 2 0 0 1 0 0 1 0 0
2483 1 0 0 0 0 0 0 0 0
2484 1 0 0 0 0 0 0 0 0
2488 13 2 2 1 0 0 4 0 0
2490 15 0 0 3 0 0 3 1 1
2494 105 1 1 21 0 0 0 0 0
2495 19 0 0 0 0 0 0 0 0
2497 4 0 0 0 0 0 0 0 0
2503 16 0 0 2 0 0 0 0 0
2526 6 1 1 0 0 0 1 0 0
2533 6 1 1 0 0 0 1 0 0
2535 3 1 1 0 0 0 1 0 0
2579 6 1 1 0 0 0 1 0 0
2581 3 1 1 0 0 0 1 0 0
2653 3 1 1 1 0 0 0 0 0
2686 3 0 0 1 0 0 0 0 0
fn=do_preload
803 6 0 0 0 0 0 3 0 0
805 1 0 0 0 0 0 1 0 0
809 1 0 0 0 0 0 1 0 0
810 1 1 1 0 0 0 1 0 0
811 1 0 0 0 0 0 1 0 0
813 1 0 0 1 0 0 0 0 0
815 6 0 0 0 0 0 1 0 0
816 3 0 0 1 0 0 0 0 0
824 3 1 1 1 0 0 0 0 0
830 5 0 0 4 0 0 0 0 0
fn=init_tls
716 1 0 0 0 0 0 1 0 0
718 2 0 0 1 0 0 1 0 0
722 2 0 0 1 0 0 0 0 0
723 1 1 1 0 0 0 0 0 0
728 2 0 0 0 0 0 1 0 0
731 1 0 0 0 0 0 1 0 0
732 4 0 0 0 0 0 1 0 0
737 1 0 0 0 0 0 0 0 0
739 1 0 0 0 0 0 1 0 0
743 2 1 1 1 1 1 0 0 0
744 1 0 0 0 0 0 0 0 0
745 11 1 1 1 0 0 0 0 0
746 8 0 0 4 0 0 0 0 0
747 8 0 0 4 0 0 0 0 0
751 3 0 0 0 0 0 1 0 0
753 1 0 0 0 0 0 0 0 0
755 3 0 0 0 0 0 0 0 0
758 1 1 1 0 0 0 1 0 0
765 2 0 0 0 0 0 1 0 0
766 2 0 0 0 0 0 0 0 0
772 2 1 1 1 0 0 1 0 0
780 7 0 0 0 0 0 2 0 0
784 1 1 1 0 0 0 1 0 0
786 1 0 0 0 0 0 0 0 0
787 2 0 0 2 0 0 0 0 0
fn=map_doit
624 2 1 1 0 0 0 1 0 0
626 8 1 1 3 0 0 2 0 0
628 2 0 0 2 0 0 0 0 0
fn=rtld_lock_default_lock_recursive
837 8 1 1 8 2 1 0 0 0
fn=rtld_lock_default_unlock_recursive
843 8 1 1 8 1 0 0 0 0
fn=security_init
850 2 0 0 0 0 0 1 0 0
852 1 0 0 1 0 0 0 0 0
854 1 0 0 0 0 0 1 0 0
861 1 0 0 1 0 0 0 0 0
863 1 0 0 0 0 0 1 0 0
865 1 0 0 0 0 0 1 0 0
870 1 1 1 0 0 0 1 0 0
871 3 0 0 2 0 0 0 0 0
fn=version_check_doit
656 2 1 1 0 0 0 1 0 0
658 6 0 0 2 0 0 1 0 0
662 2 0 0 2 0 0 0 0 0
fl=/build/eglibc-oGUzwX/eglibc-2.19/elf/setup-vdso.h
fn=dl_main
24 2 0 0 1 0 0 0 0 0
fl=/build/eglibc-oGUzwX/eglibc-2.19/gmon/../sysdeps/posix/profil.c
fn=profil
64 12 1 1 0 0 0 8 0 0
73 4 0 0 0 0 0 0 0 0
76 2 0 0 1 0 0 0 0 0
78 1 0 0 0 0 0 0 0 0
80 6 1 1 0 0 0 1 0 0
82 1 0 0 0 0 0 1 0 0
83 4 0 0 0 0 0 1 0 0
86 5 0 0 1 1 1 0 0 0
91 1 1 1 0 0 0 0 0 0
101 1 0 0 0 0 0 1 0 0
102 4 0 0 0 0 0 3 0 0
103 1 0 0 0 0 0 1 1 1
104 1 0 0 0 0 0 1 0 0
106 2 0 0 0 0 0 1 0 0
107 2 0 0 0 0 0 2 0 0
109 18 4 4 0 0 0 14 0 0
112 1 0 0 0 0 0 1 0 0
113 7 0 0 0 0 0 2 0 0
114 4 0 0 2 0 0 2 0 0
115 4 1 1 0 0 0 1 0 0
116 12 0 0 10 0 0 0 0 0
fn=profil_counter
40 122058 1 1 40686 40094 1 0 0 0
45 162744 0 0 20343 0 0 0 0 0
47 40686 0 0 20343 20058 0 0 0 0
48 40686 0 0 40686 20077 0 0 0 0
fl=/build/eglibc-oGUzwX/eglibc-2.19/gmon/../sysdeps/unix/sysv/linux/prof-freq.c
fn=__profile_frequency
28 2 1 1 2 0 0 0 0 0
29 1 0 0 1 0 0 0 0 0
fl=/build/eglibc-oGUzwX/eglibc-2.19/gmon/../sysdeps/unix/sysv/linux/x86_64/profil-counter.h
fn=profil_counter
30 20343 0 0 20343 20039 1 0 0 0
fl=/build/eglibc-oGUzwX/eglibc-2.19/gmon/../sysdeps/x86_64/_mcount.S
fn=mcount
32 2 0 0 0 0 0 0 0 0
33 2 0 0 0 0 0 2 0 0
34 2 0 0 0 0 0 2 0 0
35 2 1 1 0 0 0 2 0 0
36 2 0 0 0 0 0 2 0 0
37 2 0 0 0 0 0 2 0 0
38 2 0 0 0 0 0 2 0 0
39 2 0 0 0 0 0 2 0 0
43 2 0 0 2 0 0 0 0 0
45 2 0 0 2 0 0 0 0 0
47 2 0 0 0 0 0 2 0 0
53 2 0 0 2 0 0 0 0 0
54 2 0 0 2 0 0 0 0 0
55 2 0 0 2 0 0 0 0 0
56 2 0 0 2 0 0 0 0 0
57 2 0 0 2 0 0 0 0 0
58 2 1 1 2 0 0 0 0 0
59 2 0 0 2 0 0 0 0 0
60 2 0 0 0 0 0 0 0 0
61 2 0 0 2 0 0 0 0 0
fl=/build/eglibc-oGUzwX/eglibc-2.19/gmon/gmon.c
fn=_mcleanup
424 1 0 0 0 0 0 0 0 0
425 2 0 0 0 0 0 1 0 0
427 2 0 0 1 0 0 0 0 0
428 1 0 0 0 0 0 1 0 0
fn=moncontrol
77 2 0 0 0 0 0 0 0 0
81 4 1 1 2 1 0 0 0 0
84 4 1 1 0 0 0 0 0 0
87 5 0 0 4 1 0 1 0 0
88 2 0 0 0 0 0 1 0 0
93 5 0 0 0 0 0 1 0 0
94 1 0 0 0 0 0 1 0 0
96 4 0 0 2 0 0 0 0 0
fn=monstartup
104 6 1 1 0 0 0 4 0 0
113 2 0 0 0 0 0 1 0 0
114 3 0 0 0 0 0 1 0 0
115 3 1 1 0 0 0 1 1 1
116 5 1 1 0 0 0 1 0 0
117 1 0 0 0 0 0 1 0 0
124 1 0 0 0 0 0 1 0 0
126 1 0 0 0 0 0 1 1 1
127 5 0 0 0 0 0 0 0 0
128 2 0 0 0 0 0 0 0 0
129 2 0 0 0 0 0 1 0 0
132 1 0 0 0 0 0 1 0 0
134 4 1 1 0 0 0 1 0 0
135 2 0 0 0 0 0 0 0 0
142 1 0 0 0 0 0 1 1 0
143 1 0 0 0 0 0 0 0 0
144 1 0 0 0 0 0 1 0 0
145 2 0 0 0 0 0 1 0 0
148 1 0 0 0 0 0 1 0 0
150 1 0 0 0 0 0 0 0 0
151 3 0 0 0 0 0 0 0 0
154 8 1 1 1 1 1 1 1 1
169 1 0 0 0 0 0 0 0 0
171 2 0 0 0 0 0 0 0 0
172 5 0 0 4 0 0 0 0 0
fn=write_gmon
341 8 1 1 0 0 0 6 0 0
349 3 0 0 0 0 0 1 1 0
350 2 0 0 0 0 0 0 0 0
360 5 1 1 0 0 0 1 0 0
fl=/build/eglibc-oGUzwX/eglibc-2.19/gmon/mcount.c
fn=__mcount_internal
60 4 1 1 0 0 0 2 0 0
72 14 1 1 4 0 0 0 0 0
81 2 0 0 2 0 0 0 0 0
82 4 0 0 2 0 0 0 0 0
93 2 0 0 1 0 0 0 0 0
97 3 1 1 1 0 0 0 0 0
98 1 0 0 1 0 0 0 0 0
99 2 0 0 0 0 0 0 0 0
103 4 1 1 2 0 0 1 0 0
104 2 0 0 1 0 0 0 0 0
108 1 0 0 0 0 0 1 0 0
109 2 0 0 0 0 0 0 0 0
110 1 0 0 0 0 0 1 0 0
111 1 0 0 0 0 0 1 0 0
112 2 0 0 0 0 0 1 0 0
169 2 1 1 0 0 0 2 0 0
174 4 0 0 4 0 0 0 0 0
fl=/build/eglibc-oGUzwX/eglibc-2.19/io/../sysdeps/unix/syscall-template.S
fn=__open_nocancel
81 2 1 1 0 0 0 0 0 0
fn=__write_nocancel
81 10 0 0 2 0 0 0 0 0
fn=access
81 12 1 1 0 0 0 0 0 0
83 15 1 1 3 0 0 3 1 1
fn=close
81 12 1 1 0 0 0 0 0 0
82 3 0 0 3 0 0 0 0 0
fn=open
81 28 1 1 0 0 0 0 0 0
82 3 0 0 3 0 0 0 0 0
83 20 0 0 4 0 0 4 0 0
fn=read
81 8 0 0 0 0 0 0 0 0
82 2 0 0 2 0 0 0 0 0
fn=write
81 4 1 1 2 0 0 0 0 0
fl=/build/eglibc-oGUzwX/eglibc-2.19/io/../sysdeps/unix/sysv/linux/wordsize-64/fxstat.c
fn=_fxstat
33 4 0 0 0 0 0 0 0 0
34 8 2 2 0 0 0 0 0 0
35 24 0 0 0 0 0 0 0 0
39 4 0 0 4 0 0 0 0 0
fl=/build/eglibc-oGUzwX/eglibc-2.19/io/../sysdeps/unix/sysv/linux/wordsize-64/xstat.c
fn=_xstat
33 4 0 0 0 0 0 0 0 0
34 8 1 1 0 0 0 0 0 0
35 36 0 0 3 0 0 3 0 0
39 1 0 0 1 0 0 0 0 0
fl=/build/eglibc-oGUzwX/eglibc-2.19/libio/../sysdeps/unix/sysv/linux/sys/sysmacros.h
fn=_IO_file_doallocate
41 6 0 0 0 0 0 0 0 0
fl=/build/eglibc-oGUzwX/eglibc-2.19/libio/filedoalloc.c
fn=_IO_file_doallocate
96 5 1 1 0 0 0 3 1 0
111 8 1 1 3 1 0 1 1 0
113 4 0 0 1 0 0 0 0 0
116 2 0 0 0 0 0 0 0 0
118 2 2 2 1 1 0 0 0 0
121 1 0 0 1 0 0 0 0 0
124 6 1 1 1 0 0 0 0 0
128 8 0 0 0 0 0 1 0 0
129 5 0 0 0 0 0 1 0 0
130 1 0 0 0 0 0 0 0 0
131 5 0 0 4 0 0 0 0 0
fl=/build/eglibc-oGUzwX/eglibc-2.19/libio/fileops.c
fn=_IO_do_write@@GLIBC_2.2.5
509 18 1 1 0 0 0 12 0 0
511 17 0 0 0 0 0 0 0 0
512 18 0 0 15 0 0 0 0 0
523 8 1 1 2 0 0 0 0 0
530 8 0 0 4 0 0 0 0 0
538 12 1 1 4 0 0 2 0 0
539 6 0 0 2 0 0 0 0 0
541 8 1 1 2 0 0 6 0 0
542 4 0 0 0 0 0 4 0 0
543 2 0 0 0 0 0 2 0 0
544 4 1 1 2 0 0 0 0 0
545 6 0 0 2 0 0 0 0 0
fn=_IO_file_overflow@@GLIBC_2.2.5
824 40 1 1 0 0 0 30 1 0
825 30 0 0 10 0 0 0 0 0
832 66 0 0 18 0 0 0 0 0
835 2 1 1 1 0 0 0 0 0
837 2 1 1 0 0 0 1 0 0
838 6 0 0 2 0 0 3 0 0
847 2 1 1 0 0 0 0 0 0
856 4 0 0 2 0 0 0 0 0
858 1 0 0 0 0 0 1 0 0
859 2 0 0 0 0 0 1 0 0
860 1 0 0 0 0 0 1 0 0
861 2 0 0 0 0 0 2 0 0
863 3 1 1 0 0 0 1 0 0
864 5 0 0 1 0 0 0 0 0
865 2 0 0 0 0 0 1 0 0
867 20 0 0 0 0 0 0 0 0
868 6 1 1 0 0 0 0 0 0
869 3 0 0 0 0 0 0 0 0
870 14 0 0 7 0 0 0 0 0
873 21 0 0 0 0 0 14 1 0
874 21 0 0 7 0 0 0 0 0
875 28 0 0 0 0 0 0 0 0
879 7 0 0 0 0 0 0 0 0
880 37 0 0 37 0 0 0 0 0
fn=_IO_file_stat
1222 1 1 1 0 0 0 0 0 0
1223 3 0 0 1 0 0 0 0 0
fn=_IO_file_write@@GLIBC_2.2.5
1254 14 1 1 0 0 0 8 0 0
1256 14 0 0 0 0 0 0 0 0
1260 6 0 0 2 0 0 0 0 0
1261 6 1 1 2 0 0 2 0 0
1262 4 0 0 0 0 0 0 0 0
1267 2 0 0 0 0 0 0 0 0
1268 2 0 0 0 0 0 0 0 0
1271 6 0 0 2 0 0 0 0 0
1274 18 1 1 10 0 0 0 0 0
fn=_IO_file_xsputn@@GLIBC_2.2.5
1281 48 2 2 0 0 0 36 1 0
1287 12 0 0 0 0 0 0 0 0
1288 6 0 0 0 0 0 0 0 0
1294 30 0 0 5 0 0 0 0 0
1296 12 0 0 8 0 0 0 0 0
1297 8 0 0 0 0 0 0 0 0
1300 50 1 1 0 0 0 0 0 0
1302 59 0 0 19 0 0 0 0 0
1304 8 1 1 0 0 0 0 0 0
1311 6 1 1 2 0 0 0 0 0
1315 10 0 0 0 0 0 0 0 0
1320 20 0 0 0 0 0 8 0 0
1325 4 0 0 0 0 0 0 0 0
1326 12 0 0 0 0 0 0 0 0
1328 15 0 0 0 0 0 0 0 0
1332 18 0 0 6 1 0 3 0 0
1338 6 0 0 6 0 0 0 0 0
1339 18 1 1 0 0 0 0 0 0
1341 9 0 0 0 0 0 0 0 0
1352 6 0 0 0 0 0 0 0 0
1353 6 0 0 0 0 0 1 0 0
1355 10 0 0 0 0 0 0 0 0
1356 48 1 1 42 0 0 0 0 0
fl=/build/eglibc-oGUzwX/eglibc-2.19/libio/genops.c
fn=_IO_default_xsputn
447 6 1 1 0 0 0 5 0 0
450 6 0 0 0 0 0 0 0 0
451 1 0 0 0 0 0 0 0 0
455 32 1 1 16 0 0 0 0 0
480 72 1 1 21 0 0 7 0 0
482 7 0 0 0 0 0 0 0 0
484 2 1 1 0 0 0 0 0 0
485 6 0 0 6 0 0 0 0 0
fn=_IO_doallocbuf
414 4 1 1 0 0 0 3 0 0
415 2 0 0 1 0 0 0 0 0
417 3 1 1 1 0 0 0 0 0
418 5 0 0 2 1 0 1 0 0
421 4 0 0 4 0 0 0 0 0
fn=_IO_setb
399 5 1 1 0 0 0 2 0 0
400 4 0 0 2 0 0 0 0 0
402 1 0 0 0 0 0 1 0 0
403 1 0 0 0 0 0 1 0 0
405 6 0 0 0 0 0 1 0 0
408 4 0 0 3 0 0 0 0 0
fl=/build/eglibc-oGUzwX/eglibc-2.19/malloc/arena.c
fn=malloc_hook_ini
373 3 0 0 1 1 1 0 0 0
fn=ptmalloc_init.part.7
334 216 0 0 72 10 0 0 0 0
336 142 0 0 71 32 0 0 0 0
337 2 1 1 1 0 0 0 0 0
338 2 0 0 1 0 0 0 0 0
352 71 0 0 0 0 0 0 0 0
371 6 1 1 0 0 0 5 0 0
376 1 0 0 0 0 0 1 0 0
384 2 1 1 1 0 0 0 0 0
385 7 1 1 0 0 0 1 0 0
386 4 0 0 2 0 0 0 0 0
391 3 0 0 1 1 0 1 1 0
392 12 1 1 1 1 0 6 2 2
394 5 1 1 2 1 0 0 0 0
410 2 0 0 0 0 0 0 0 0
455 2 0 0 0 0 0 0 0 0
461 2 1 1 2 1 1 0 0 0
462 2 0 0 0 0 0 0 0 0
464 1 0 0 0 0 0 1 1 0
465 7 0 0 6 0 0 0 0 0
fl=/build/eglibc-oGUzwX/eglibc-2.19/malloc/hooks.c
fn=malloc_hook_ini
29 4 0 0 1 1 0 2 0 0
30 2 1 1 1 0 0 1 0 0
32 1 0 0 0 0 0 0 0 0
33 1 0 0 0 0 0 0 0 0
fl=/build/eglibc-oGUzwX/eglibc-2.19/malloc/malloc.c
fn=_int_malloc
1862 6 0 0 2 1 1 0 0 0
2271 10 1 1 4 2 0 4 0 0
2272 2 1 1 0 0 0 0 0 0
2282 7 0 0 4 1 1 0 0 0
2297 5 0 0 2 0 0 0 0 0
2303 2 0 0 0 0 0 0 0 0
2305 8 1 1 0 0 0 2 0 0
2307 3 0 0 1 0 0 0 0 0
2322 3 0 0 0 0 0 0 0 0
2337 3 0 0 0 0 0 1 1 1
2342 3 0 0 2 0 0 0 0 0
2343 5 1 1 2 0 0 0 0 0
2346 3 0 0 2 0 0 0 0 0
2347 5 0 0 2 0 0 0 0 0
2360 1 0 0 0 0 0 0 0 0
2369 4 2 2 0 0 0 0 0 0
2378 3 1 1 0 0 0 0 0 0
2433 2 1 1 1 0 0 0 0 0
2442 5 0 0 1 0 0 0 0 0
2452 9 1 1 1 0 0 2 0 0
2460 2 1 1 0 0 0 0 0 0
2462 6 0 0 3 1 0 2 0 0
2466 5 0 0 2 0 0 0 0 0
2469 2 0 0 2 0 0 0 0 0
2470 2 0 0 0 0 0 0 0 0
2489 1 1 1 0 0 0 0 0 0
2516 2 0 0 1 1 1 0 0 0
2517 1 0 0 0 0 0 1 0 0
2518 3 0 0 1 0 0 1 0 0
2524 2 0 0 0 0 0 0 0 0
2527 8 3 3 1 0 0 0 0 0
2569 6 2 2 0 0 0 0 0 0
2588 1 0 0 0 0 0 0 0 0
2591 2 0 0 0 0 0 0 0 0
2592 7 1 1 2 0 0 0 0 0
2594 2 0 0 0 0 0 0 0 0
2595 4 0 0 2 0 0 2 0 0
2607 3 0 0 1 0 0 0 0 0
2615 2 0 0 2 0 0 0 0 0
2616 3 1 1 1 0 0 0 0 0
2654 1 0 0 0 0 0 1 0 0
2655 5 0 0 0 0 0 1 1 1
2656 2 0 0 0 0 0 1 0 0
2667 2 0 0 0 0 0 0 0 0
2700 2 1 1 1 0 0 0 0 0
2701 1 0 0 0 0 0 1 0 0
2706 2 0 0 1 0 0 0 0 0
2709 2 1 1 1 0 0 0 0 0
2711 1 0 0 0 0 0 0 0 0
2712 1 0 0 0 0 0 0 0 0
2713 1 0 0 0 0 0 1 0 0
2714 8 0 0 0 0 0 1 0 0
2715 2 0 0 0 0 0 1 1 1
2717 1 0 0 0 0 0 0 0 0
3302 16 2 2 0 0 0 14 0 0
3332 20 0 0 0 0 0 0 0 0
3340 4 0 0 2 1 1 0 0 0
3377 4 1 1 0 0 0 0 0 0
3421 29 4 4 0 0 0 0 0 0
3422 4 1 1 2 0 0 0 0 0
3423 4 0 0 1 0 0 2 0 0
3442 10 1 1 2 0 0 0 0 0
3576 4 2 2 0 0 0 0 0 0
3578 4 1 1 0 0 0 0 0 0
3581 6 0 0 2 0 0 0 0 0
3649 2 0 0 0 0 0 0 0 0
3650 4 0 0 0 0 0 0 0 0
3651 4 0 0 0 0 0 0 0 0
3652 4 0 0 2 1 0 0 0 0
3653 4 0 0 0 0 0 0 0 0
3658 12 0 0 0 0 0 0 0 0
3662 9 1 1 0 0 0 0 0 0
3665 4 0 0 1 0 0 0 0 0
3765 2 1 1 2 0 0 0 0 0
3766 6 0 0 2 0 0 0 0 0
3768 6 0 0 0 0 0 0 0 0
3785 4 0 0 2 0 0 0 0 0
3790 8 1 1 0 0 0 2 0 0
3792 50 1 1 0 0 0 20 0 0
3801 4 0 0 0 0 0 0 0 0
3806 18 0 0 14 0 0 0 0 0
4990 8 1 1 0 0 0 4 0 0
4992 6 0 0 2 0 0 2 0 0
5000 2 1 1 0 0 0 2 0 0
fn=calloc
3161 5 1 1 0 0 0 4 0 0
3171 2 1 1 0 0 0 0 0 0
3174 5 0 0 0 0 0 0 0 0
3184 2 0 0 2 1 0 0 0 0
3185 2 0 0 0 0 0 0 0 0
3188 3 1 1 1 0 0 1 0 0
3189 2 1 1 0 0 0 0 0 0
3192 4 0 0 0 0 0 0 0 0
3269 1 0 0 0 0 0 0 0 0
3294 5 1 1 4 1 0 0 0 0
fn=free
2807 3 0 0 1 0 0 0 0 0
2808 1 0 0 0 0 0 0 0 0
2814 7 0 0 2 1 0 0 0 0
2821 1 0 0 2 0 0 0 0 0
2822 3 1 1 2 0 0 0 0 0
2827 2 0 0 0 0 0 0 0 0
2917 2 1 1 2 2 0 0 0 0
2918 2 0 0 0 0 0 0 0 0
2924 2 0 0 0 0 0 0 0 0
2927 1 0 0 0 0 0 0 0 0
2929 3 0 0 1 0 0 0 0 0
2932 3 1 1 1 1 0 0 0 0
2933 2 0 0 1 1 0 0 0 0
2934 2 0 0 0 0 0 0 0 0
2936 2 0 0 0 0 0 1 0 0
2937 3 1 1 0 0 0 1 0 0
fn=malloc
2876 8 1 1 0 0 0 4 0 0
2881 4 0 0 4 2 0 0 0 0
2882 4 0 0 0 0 0 0 0 0
2885 4 1 1 4 0 0 0 0 0
2887 16 0 0 4 1 0 0 0 0
2891 8 0 0 0 0 0 2 0 0
2892 4 1 1 0 0 0 0 0 0
2903 8 0 0 4 0 0 0 0 0
2904 11 0 0 2 0 0 0 0 0
2907 10 1 1 6 0 0 0 0 0
fn=malloc_consolidate
1785 381 0 0 0 0 0 0 0 0
1788 381 0 0 0 0 0 254 32 32
1792 3 0 0 0 0 0 0 0 0
1796 3 1 1 1 0 0 1 0 0
1797 2 1 1 0 0 0 1 0 0
1799 1 0 0 0 0 0 1 1 1
4104 8 2 2 0 0 0 6 1 0
4126 5 0 0 1 0 0 0 0 0
4199 8 0 0 7 0 0 0 0 0
4996 1 1 1 0 0 0 0 0 0
fl=/build/eglibc-oGUzwX/eglibc-2.19/malloc/morecore.c
fn=__default_morecore
46 2 1 1 0 0 0 0 0 0
47 2 0 0 0 0 0 2 0 0
49 6 0 0 0 0 0 0 0 0
52 6 0 0 2 0 0 0 0 0
fl=/build/eglibc-oGUzwX/eglibc-2.19/misc/../sysdeps/unix/syscall-template.S
fn=mmap
81 55 3 3 0 0 0 0 0 0
82 11 0 0 11 0 0 0 0 0
fn=mprotect
81 24 1 1 0 0 0 0 0 0
82 6 0 0 6 0 0 0 0 0
fn=munmap
81 8 0 0 0 0 0 0 0 0
82 2 0 0 2 0 0 0 0 0
fl=/build/eglibc-oGUzwX/eglibc-2.19/misc/../sysdeps/unix/sysv/linux/x86_64/brk.c
fn=brk
28 2 0 0 0 0 0 0 0 0
31 16 1 1 2 0 0 2 0 0
33 4 0 0 0 0 0 0 0 0
39 2 0 0 0 0 0 0 0 0
40 2 0 0 2 0 0 0 0 0
fl=/build/eglibc-oGUzwX/eglibc-2.19/misc/init-misc.c
fn=__init_misc
30 4 1 1 0 0 0 2 0 0
31 5 0 0 1 0 0 0 0 0
33 3 0 0 0 0 0 1 0 0
37 5 0 0 1 1 0 1 1 0
38 3 1 1 2 0 0 1 0 0
40 4 0 0 3 0 0 0 0 0
fl=/build/eglibc-oGUzwX/eglibc-2.19/misc/sbrk.c
fn=sbrk
34 8 1 1 0 0 0 6 0 0
42 11 1 1 5 3 1 0 0 0
43 6 1 1 1 0 0 1 0 0
46 4 0 0 0 0 0 0 0 0
50 4 0 0 0 0 0 0 0 0
53 3 0 0 0 0 0 1 0 0
57 10 0 0 8 0 0 0 0 0
fl=/build/eglibc-oGUzwX/eglibc-2.19/nptl/../nptl/sysdeps/unix/sysv/linux/register-atfork.c
fn=__linkin_atfork
116 2 1 1 1 1 1 1 0 0
117 6 0 0 2 1 0 0 0 0
119 1 0 0 1 0 0 0 0 0
fl=/build/eglibc-oGUzwX/eglibc-2.19/posix/../sysdeps/unix/syscall-template.S
fn=uname
81 4 1 1 0 0 0 0 0 0
82 1 0 0 1 0 0 0 0 0
fl=/build/eglibc-oGUzwX/eglibc-2.19/setjmp/../sysdeps/x86_64/bsd-_setjmp.S
fn=_setjmp
30 1 1 1 0 0 0 0 0 0
32 1 0 0 0 0 0 0 0 0
fl=/build/eglibc-oGUzwX/eglibc-2.19/setjmp/../sysdeps/x86_64/setjmp.S
fn=__sigsetjmp
26 4 2 2 0 0 0 4 1 0
35 4 0 0 0 0 0 0 0 0
36 8 2 2 4 0 0 0 0 0
37 4 0 0 0 0 0 4 0 0
41 4 0 0 0 0 0 4 0 0
42 4 0 0 0 0 0 4 1 1
43 4 0 0 0 0 0 4 0 0
44 4 0 0 0 0 0 4 0 0
45 4 0 0 0 0 0 0 0 0
47 8 0 0 4 0 0 0 0 0
49 4 0 0 0 0 0 4 0 0
50 4 0 0 4 0 0 0 0 0
53 8 0 0 4 0 0 0 0 0
55 4 1 1 0 0 0 4 0 0
59 3 0 0 0 0 0 0 0 0
60 3 0 0 3 0 0 0 0 0
64 1 0 0 0 0 0 0 0 0
fl=/build/eglibc-oGUzwX/eglibc-2.19/setjmp/sigjmp.c
fn=__sigjmp_save
28 2 0 0 0 0 0 1 0 0
29 4 0 0 0 0 0 1 1 0
34 3 0 0 2 0 0 0 0 0
fl=/build/eglibc-oGUzwX/eglibc-2.19/signal/../nptl/sigaction.c
fn=sigaction
37 6 1 1 0 0 0 0 0 0
43 2 0 0 0 0 0 0 0 0
fl=/build/eglibc-oGUzwX/eglibc-2.19/signal/../sysdeps/unix/sysv/linux/x86_64/sigaction.c
fn=__libc_sigaction
49 4 1 1 0 0 0 0 0 0
53 4 0 0 0 0 0 0 0 0
55 4 0 0 2 0 0 2 1 0
56 64 2 2 32 3 0 32 2 0
57 8 0 0 2 0 0 2 0 0
59 4 1 1 0 0 0 2 0 0
64 34 1 1 0 0 0 0 0 0
67 8 0 0 0 0 0 0 0 0
69 2 0 0 1 0 0 1 0 0
70 32 2 2 16 0 0 16 2 2
71 2 0 0 1 0 0 1 0 0
72 2 0 0 1 0 0 1 0 0
75 4 0 0 2 0 0 0 0 0
fl=/build/eglibc-oGUzwX/eglibc-2.19/stdio-common/_itoa.c
fn=_itoa_word
168 4 1 1 0 0 0 0 0 0
170 2 0 0 0 0 0 0 0 0
179 62 2 2 5 1 1 5 0 0
188 2 0 0 1 0 0 0 0 0
fl=/build/eglibc-oGUzwX/eglibc-2.19/stdio-common/printf-parse.h
fn=vfprintf
108 16 0 0 0 0 0 8 1 0
fl=/build/eglibc-oGUzwX/eglibc-2.19/stdio-common/printf.c
fn=printf
28 18 1 1 0 0 0 10 0 0
32 12 2 2 0 0 0 8 0 0
33 8 0 0 4 2 0 2 0 0
37 4 0 0 2 0 0 0 0 0
fl=/build/eglibc-oGUzwX/eglibc-2.19/stdio-common/vfprintf.c
fn=vfprintf
235 22 1 1 0 0 0 12 0 0
240 2 1 1 0 0 0 2 0 0
270 6 0 0 4 1 0 2 1 0
274 2 0 0 0 0 0 2 0 0
277 2 0 0 0 0 0 2 0 0
283 2 0 0 0 0 0 2 1 0
1295 9 1 1 2 1 0 1 0 0
1299 10 0 0 2 1 1 0 0 0
1310 4 0 0 0 0 0 0 0 0
1317 2 0 0 0 0 0 2 0 0
1321 12 1 1 6 0 0 6 1 0
1325 2 0 0 0 0 0 2 0 0
1332 2 0 0 0 0 0 2 0 0
1336 20 2 2 4 0 0 8 0 0
1337 30 1 1 16 2 1 2 0 0
1340 26 2 2 6 1 0 6 0 0
1344 6 1 1 4 0 0 0 0 0
1348 14 1 1 6 0 0 0 0 0
1375 2 0 0 0 0 0 2 1 0
1376 2 1 1 0 0 0 2 0 0
1377 2 0 0 0 0 0 2 0 0
1378 2 0 0 0 0 0 2 0 0
1379 2 0 0 0 0 0 2 1 0
1380 2 0 0 0 0 0 2 0 0
1381 2 0 0 0 0 0 2 0 0
1382 2 1 1 0 0 0 2 0 0
1383 2 0 0 0 0 0 2 0 0
1384 2 0 0 0 0 0 2 0 0
1385 2 0 0 0 0 0 2 0 0
1388 2 0 0 0 0 0 2 0 0
1389 2 0 0 0 0 0 2 0 0
1392 2 0 0 0 0 0 2 0 0
1393 2 0 0 0 0 0 0 0 0
1396 34 2 2 8 3 3 4 0 0
1559 6 0 0 0 0 0 2 0 0
1580 4 0 0 0 0 0 2 0 0
1660 111 23 23 39 0 0 11 0 0
1661 57 7 7 21 0 0 5 0 0
1680 4 1 1 2 0 0 0 0 0
1682 2 0 0 0 0 0 2 0 0
1688 8 1 1 2 0 0 4 0 0
1692 46 1 1 10 0 0 6 0 0
1694 4 0 0 2 0 0 0 0 0
2091 4 1 1 2 0 0 0 0 0
2093 4 0 0 2 0 0 0 0 0
2095 4 0 0 2 0 0 0 0 0
2098 20 1 1 10 0 0 2 0 0
2099 6 1 1 2 0 0 0 0 0
2101 2 0 0 2 0 0 0 0 0
2102 16 0 0 14 0 0 0 0 0
fl=/build/eglibc-oGUzwX/eglibc-2.19/stdlib/cxa_atexit.c
fn=__cxa_atexit
35 4 0 0 0 0 0 2 0 0
37 4 0 0 0 0 0 0 0 0
41 6 1 1 2 0 0 0 0 0
43 2 0 0 0 0 0 2 0 0
44 2 0 0 0 0 0 2 1 0
45 2 0 0 0 0 0 2 0 0
47 2 0 0 0 0 0 2 0 0
48 2 0 0 0 0 0 0 0 0
57 12 1 1 0 0 0 6 0 0
59 8 0 0 8 0 0 0 0 0
fn=__new_exitfn
73 8 1 1 0 0 0 4 0 0
74 4 0 0 0 0 0 0 0 0
79 12 1 1 4 3 2 0 0 0
81 12 1 1 3 2 0 0 0 0
83 8 0 0 2 2 0 0 0 0
84 5 0 0 1 0 0 0 0 0
91 1 0 0 0 0 0 1 0 0
94 2 0 0 0 0 0 0 0 0
112 1 1 1 0 0 0 0 0 0
113 2 0 0 0 0 0 1 0 0
119 3 0 0 0 0 0 0 0 0
120 2 0 0 0 0 0 1 0 0
126 2 1 1 0 0 0 2 0 0
127 2 0 0 2 2 1 0 0 0
130 8 0 0 4 0 0 0 0 0
133 10 0 0 6 0 0 0 0 0
fl=/build/eglibc-oGUzwX/eglibc-2.19/stdlib/cxa_thread_atexit_impl.c
fn=__call_tls_dtors
82 3 1 1 0 0 0 3 0 0
83 5 1 1 1 1 0 1 0 0
101 4 1 1 4 0 0 0 0 0
fl=/build/eglibc-oGUzwX/eglibc-2.19/stdlib/exit.c
fn=__run_exit_handlers
35 8 1 1 0 0 0 4 0 0
40 2 0 0 1 1 0 1 0 0
46 5 0 0 1 1 0 0 0 0
50 3 1 1 0 0 0 0 0 0
52 1 0 0 0 0 0 1 0 0
53 1 0 0 0 0 0 0 0 0
54 5 0 0 1 0 0 0 0 0
78 1 1 1 1 0 0 0 0 0
80 2 0 0 1 0 0 0 0 0
82 3 0 0 1 1 0 1 0 0
fn=exit
103 1 0 0 0 0 0 0 0 0
104 3 1 1 0 0 0 1 0 0
fl=/build/eglibc-oGUzwX/eglibc-2.19/stdlib/getenv.c
fn=getenv
35 8 1 1 0 0 0 6 1 0
36 2 0 0 0 0 0 1 0 0
40 7 0 0 3 2 0 0 0 0
43 2 0 0 1 0 0 0 0 0
68 1 1 1 1 0 0 0 0 0
73 1 0 0 0 0 0 0 0 0
74 1 0 0 0 0 0 0 0 0
76 287 0 0 72 10 0 0 0 0
85 142 0 0 71 32 0 0 0 0
92 9 1 1 7 0 0 0 0 0
fl=/build/eglibc-oGUzwX/eglibc-2.19/string/../bits/stdlib-bsearch.h
fn=intel_check_word
27 8 1 1 0 0 0 0 0 0
28 16 0 0 0 0 0 0 0 0
29 112 1 1 0 0 0 0 0 0
31 152 0 0 0 0 0 0 0 0
32 54 1 1 0 0 0 0 0 0
37 10 0 0 0 0 0 0 0 0
fl=/build/eglibc-oGUzwX/eglibc-2.19/string/../string/memcmp.c
fn=bcmp
105 16 0 0 16 0 0 0 0 0
106 32 0 0 16 0 0 0 0 0
110 35 1 1 0 0 0 0 0 0
111 9 1 1 0 0 0 0 0 0
129 21 1 1 0 0 0 0 0 0
133 3 0 0 3 2 2 0 0 0
134 3 0 0 3 0 0 0 0 0
135 3 0 0 0 0 0 0 0 0
136 3 0 0 0 0 0 0 0 0
137 3 1 1 0 0 0 0 0 0
183 3 0 0 3 0 0 0 0 0
184 3 0 0 3 0 0 0 0 0
185 18 0 0 0 0 0 4 1 1
192 2 1 1 0 0 0 0 0 0
197 2 1 1 0 0 0 0 0 0
221 2 0 0 0 0 0 0 0 0
222 4 0 0 0 0 0 0 0 0
226 4 0 0 0 0 0 0 0 0
228 14 1 1 0 0 0 0 0 0
232 1 0 0 1 0 0 0 0 0
233 1 0 0 1 0 0 0 0 0
234 1 0 0 1 0 0 0 0 0
235 1 0 0 0 0 0 0 0 0
236 1 0 0 0 0 0 0 0 0
237 1 0 0 0 0 0 0 0 0
240 1 0 0 1 0 0 0 0 0
241 1 0 0 1 0 0 0 0 0
242 1 0 0 1 0 0 0 0 0
243 1 0 0 0 0 0 0 0 0
244 1 0 0 0 0 0 0 0 0
282 1 0 0 1 0 0 0 0 0
283 1 0 0 1 0 0 0 0 0
284 6 0 0 0 0 0 0 0 0
285 8 1 1 0 0 0 2 1 1
289 1 0 0 1 0 0 0 0 0
290 1 0 0 1 0 0 0 0 0
291 6 0 0 0 0 0 0 0 0
292 2 0 0 0 0 0 0 0 0
299 2 0 0 0 0 0 0 0 0
304 6 1 1 0 0 0 0 0 0
305 2 0 0 0 0 0 0 0 0
315 91 2 2 0 0 0 78 1 1
318 13 0 0 0 0 0 0 0 0
319 13 0 0 0 0 0 0 0 0
322 26 0 0 0 0 0 0 0 0
326 18 0 0 0 0 0 0 0 0
328 1 0 0 1 0 0 0 0 0
329 1 0 0 1 0 0 0 0 0
330 1 0 0 0 0 0 0 0 0
331 1 0 0 0 0 0 0 0 0
333 2 0 0 0 0 0 0 0 0
335 1 1 1 0 0 0 0 0 0
342 15 0 0 0 0 0 0 0 0
343 10 0 0 0 0 0 0 0 0
346 6 0 0 0 0 0 0 0 0
350 6 0 0 0 0 0 0 0 0
351 2 0 0 0 0 0 0 0 0
352 2 0 0 0 0 0 0 0 0
356 148 1 1 0 0 0 0 0 0
358 65 0 0 65 1 1 0 0 0
359 65 0 0 65 6 6 0 0 0
360 65 0 0 0 0 0 0 0 0
363 210 0 0 0 0 0 0 0 0
368 9 1 1 0 0 0 0 0 0
369 104 0 0 91 0 0 0 0 0
fl=/build/eglibc-oGUzwX/eglibc-2.19/string/../sysdeps/x86_64/memcpy.S
fn=__GI_mempcpy
61 4 1 1 0 0 0 0 0 0
65 4 0 0 0 0 0 0 0 0
68 4 0 0 0 0 0 0 0 0
69 4 0 0 0 0 0 0 0 0
71 3 0 0 3 0 0 0 0 0
72 3 0 0 0 0 0 3 0 0
74 3 0 0 0 0 0 0 0 0
75 3 0 0 0 0 0 0 0 0
80 4 0 0 0 0 0 0 0 0
81 4 0 0 0 0 0 0 0 0
92 4 0 0 0 0 0 0 0 0
93 4 0 0 0 0 0 0 0 0
95 3 0 0 3 0 0 0 0 0
96 3 0 0 0 0 0 3 0 0
98 3 0 0 0 0 0 0 0 0
99 3 0 0 0 0 0 0 0 0
104 4 0 0 0 0 0 0 0 0
105 4 0 0 0 0 0 0 0 0
107 2 1 1 2 0 0 0 0 0
108 2 0 0 0 0 0 2 0 0
110 2 0 0 0 0 0 0 0 0
111 4 0 0 0 0 0 0 0 0
116 4 0 0 0 0 0 0 0 0
117 4 0 0 0 0 0 0 0 0
138 4 0 0 0 0 0 0 0 0
142 4 0 0 4 0 0 0 0 0
fn=mempcpy
61 15 1 1 0 0 0 0 0 0
65 15 0 0 0 0 0 0 0 0
68 14 0 0 0 0 0 0 0 0
69 14 0 0 0 0 0 0 0 0
71 3 0 0 3 1 1 0 0 0
72 3 0 0 0 0 0 3 1 1
74 3 1 1 0 0 0 0 0 0
75 3 0 0 0 0 0 0 0 0
80 14 0 0 0 0 0 0 0 0
81 14 0 0 0 0 0 0 0 0
83 11 0 0 11 0 0 0 0 0
84 11 0 0 0 0 0 11 1 1
86 11 0 0 0 0 0 0 0 0
87 11 0 0 0 0 0 0 0 0
92 14 0 0 0 0 0 0 0 0
93 14 0 0 0 0 0 0 0 0
95 4 0 0 4 0 0 0 0 0
96 4 0 0 0 0 0 4 0 0
98 4 0 0 0 0 0 0 0 0
99 4 0 0 0 0 0 0 0 0
104 14 0 0 0 0 0 0 0 0
105 14 0 0 0 0 0 0 0 0
107 7 0 0 7 0 0 0 0 0
108 7 0 0 0 0 0 7 0 0
110 7 0 0 0 0 0 0 0 0
111 14 0 0 0 0 0 0 0 0
116 14 1 1 0 0 0 0 0 0
117 18 0 0 0 0 0 0 0 0
122 4 0 0 4 1 0 0 0 0
123 4 0 0 4 0 0 0 0 0
124 4 0 0 0 0 0 4 1 1
125 4 0 0 0 0 0 4 0 0
127 4 0 0 0 0 0 0 0 0
129 4 0 0 0 0 0 0 0 0
130 4 0 0 0 0 0 0 0 0
132 4 0 0 0 0 0 0 0 0
138 14 0 0 0 0 0 0 0 0
142 14 0 0 14 0 0 0 0 0
154 2 0 0 0 0 0 0 0 0
156 2 0 0 0 0 0 0 0 0
157 2 0 0 0 0 0 0 0 0
183 2 1 1 0 0 0 0 0 0
184 2 0 0 0 0 0 0 0 0
187 2 0 0 0 0 0 0 0 0
188 2 0 0 0 0 0 0 0 0
189 2 0 0 0 0 0 0 0 0
194 2 0 0 0 0 0 0 0 0
196 2 0 0 2 0 0 0 0 0
197 2 0 0 2 0 0 0 0 0
198 2 0 0 2 0 0 0 0 0
199 2 1 1 2 0 0 0 0 0
201 2 0 0 0 0 0 2 0 0
202 2 0 0 0 0 0 2 0 0
203 2 0 0 0 0 0 2 0 0
204 2 0 0 0 0 0 2 1 1
206 2 0 0 0 0 0 0 0 0
207 2 0 0 0 0 0 0 0 0
209 2 0 0 0 0 0 0 0 0
231 2 1 1 0 0 0 0 0 0
233 2 0 0 0 0 0 0 0 0
235 1 0 0 0 0 0 0 0 0
242 1 0 0 1 0 0 0 0 0
fl=/build/eglibc-oGUzwX/eglibc-2.19/string/../sysdeps/x86_64/memset.S
fn=memset
53 1 1 1 0 0 0 0 0 0
54 1 0 0 0 0 0 0 0 0
55 1 0 0 0 0 0 0 0 0
56 1 1 1 0 0 0 0 0 0
57 1 0 0 0 0 0 0 0 0
59 1 0 0 0 0 0 0 0 0
60 1 0 0 0 0 0 0 0 0
77 1 1 1 0 0 0 0 0 0
78 1 0 0 0 0 0 1 0 0
79 1 0 0 0 0 0 0 0 0
80 1 0 0 0 0 0 1 0 0
81 1 0 0 0 0 0 1 0 0
82 1 0 0 0 0 0 1 0 0
83 1 0 0 0 0 0 1 0 0
84 1 0 0 0 0 0 1 1 1
85 1 0 0 0 0 0 1 1 1
86 1 0 0 0 0 0 1 0 0
87 1 0 0 0 0 0 0 0 0
88 1 1 1 0 0 0 0 0 0
89 1 0 0 0 0 0 0 0 0
90 2 0 0 0 0 0 0 0 0
93 32 0 0 0 0 0 32 30 30
94 32 0 0 0 0 0 32 0 0
95 32 0 0 0 0 0 32 0 0
96 32 0 0 0 0 0 32 0 0
97 32 0 0 0 0 0 0 0 0
98 32 0 0 0 0 0 0 0 0
99 32 0 0 0 0 0 0 0 0
100 1 0 0 1 0 0 0 0 0
fl=/build/eglibc-oGUzwX/eglibc-2.19/string/../sysdeps/x86_64/multiarch/../cacheinfo.c
fn=handle_intel
305 16 0 0 0 0 0 12 0 0
306 4 1 1 0 0 0 0 0 0
317 6 1 1 0 0 0 2 0 0
319 2 0 0 0 0 0 2 0 0
320 4 0 0 0 0 0 2 0 0
322 2 0 0 0 0 0 0 0 0
328 8 2 2 0 0 0 2 0 0
333 4 0 0 0 0 0 0 0 0
335 6 0 0 0 0 0 2 0 0
336 2 0 0 0 0 0 0 0 0
340 10 0 0 0 0 0 2 0 0
341 4 0 0 0 0 0 0 0 0
344 10 0 0 0 0 0 2 0 0
345 4 0 0 0 0 0 0 0 0
362 16 1 1 14 0 0 0 0 0
fn=init_cacheinfo
550 3 1 1 0 0 0 3 0 0
563 3 0 0 1 0 0 0 0 0
570 2 0 0 0 0 0 0 0 0
572 4 0 0 1 0 0 1 0 0
575 1 0 0 0 0 0 0 0 0
576 4 1 1 1 0 0 1 0 0
578 2 0 0 0 0 0 0 0 0
589 1 0 0 1 0 0 0 0 0
607 4 0 0 1 0 0 0 0 0
614 17 1 1 0 0 0 0 0 0
620 8 0 0 0 0 0 0 0 0
623 20 0 0 0 0 0 0 0 0
625 2 1 1 0 0 0 0 0 0
631 5 0 0 0 0 0 0 0 0
638 9 1 1 0 0 0 0 0 0
640 2 0 0 0 0 0 0 0 0
642 8 0 0 0 0 0 0 0 0
644 4 0 0 0 0 0 0 0 0
649 1 1 1 0 0 0 0 0 0
651 4 0 0 0 0 0 0 0 0
652 2 0 0 0 0 0 0 0 0
653 1 0 0 0 0 0 0 0 0
657 2 0 0 0 0 0 0 0 0
669 4 0 0 0 0 0 0 0 0
670 5 1 1 0 0 0 0 0 0
744 2 0 0 0 0 0 0 0 0
746 3 1 1 0 0 0 1 0 0
747 1 0 0 0 0 0 1 1 1
749 1 0 0 0 0 0 0 0 0
750 3 0 0 0 0 0 1 0 0
751 1 0 0 0 0 0 1 0 0
754 2 0 0 0 0 0 0 0 0
756 3 0 0 0 0 0 1 0 0
757 1 0 0 0 0 0 1 1 1
759 1 0 0 0 0 0 0 0 0
760 3 0 0 0 0 0 1 0 0
761 1 0 0 0 0 0 1 0 0
763 4 0 0 4 0 0 0 0 0
fn=intel_check_word
150 108 0 0 54 6 6 0 0 0
153 54 0 0 0 0 0 0 0 0
161 16 0 0 0 0 0 12 0 0
162 8 1 1 0 0 0 0 0 0
164 2 0 0 0 0 0 0 0 0
168 28 0 0 0 0 0 0 0 0
170 32 0 0 0 0 0 0 0 0
172 10 1 1 0 0 0 0 0 0
174 20 0 0 0 0 0 0 0 0
182 20 0 0 0 0 0 0 0 0
194 39 0 0 0 0 0 0 0 0
199 16 1 1 0 0 0 0 0 0
203 10 1 1 0 0 0 0 0 0
205 5 1 1 0 0 0 0 0 0
210 8 0 0 0 0 0 0 0 0
213 2 1 1 0 0 0 0 0 0
215 4 0 0 0 0 0 0 0 0
217 10 1 1 0 0 0 0 0 0
218 8 0 0 0 0 0 0 0 0
219 8 0 0 0 0 0 0 0 0
220 2 0 0 0 0 0 0 0 0
228 3 0 0 0 0 0 0 0 0
235 16 0 0 0 0 0 0 0 0
295 8 0 0 0 0 0 0 0 0
300 16 0 0 16 0 0 0 0 0
fl=/build/eglibc-oGUzwX/eglibc-2.19/string/../sysdeps/x86_64/multiarch/../memcpy.S
fn=memcpy
61 13 1 1 0 0 0 0 0 0
63 13 0 0 0 0 0 0 0 0
65 13 0 0 0 0 0 0 0 0
68 12 0 0 0 0 0 0 0 0
69 12 0 0 0 0 0 0 0 0
71 2 0 0 2 0 0 0 0 0
72 2 0 0 0 0 0 2 1 1
74 2 0 0 0 0 0 0 0 0
75 2 0 0 0 0 0 0 0 0
80 12 0 0 0 0 0 0 0 0
81 12 0 0 0 0 0 0 0 0
83 5 0 0 5 0 0 0 0 0
84 5 0 0 0 0 0 5 2 2
86 5 0 0 0 0 0 0 0 0
87 10 0 0 0 0 0 0 0 0
92 12 1 1 0 0 0 0 0 0
93 12 0 0 0 0 0 0 0 0
95 3 0 0 3 0 0 0 0 0
96 3 0 0 0 0 0 3 0 0
98 3 0 0 0 0 0 0 0 0
99 3 0 0 0 0 0 0 0 0
104 12 0 0 0 0 0 0 0 0
105 12 0 0 0 0 0 0 0 0
107 6 0 0 6 0 0 0 0 0
108 6 0 0 0 0 0 6 0 0
110 6 0 0 0 0 0 0 0 0
111 6 0 0 0 0 0 0 0 0
116 12 0 0 0 0 0 0 0 0
117 20 0 0 0 0 0 0 0 0
122 8 0 0 8 0 0 0 0 0
123 8 0 0 8 0 0 0 0 0
124 8 0 0 0 0 0 8 1 1
125 8 0 0 0 0 0 8 0 0
127 8 0 0 0 0 0 0 0 0
129 8 0 0 0 0 0 0 0 0
130 8 0 0 0 0 0 0 0 0
132 8 0 0 0 0 0 0 0 0
140 12 1 1 12 0 0 0 0 0
148 5 0 0 0 0 0 5 0 0
154 5 0 0 0 0 0 0 0 0
156 5 0 0 0 0 0 0 0 0
157 5 0 0 0 0 0 0 0 0
160 2 0 0 0 0 0 0 0 0
161 4 0 0 0 0 0 0 0 0
166 9 1 1 9 0 0 0 0 0
167 9 0 0 0 0 0 9 0 0
169 9 0 0 0 0 0 0 0 0
171 9 0 0 0 0 0 0 0 0
172 9 0 0 0 0 0 0 0 0
174 11 0 0 0 0 0 0 0 0
183 5 0 0 0 0 0 0 0 0
184 5 0 0 0 0 0 0 0 0
187 5 0 0 0 0 0 0 0 0
188 5 0 0 0 0 0 0 0 0
189 5 0 0 0 0 0 0 0 0
194 4 0 0 0 0 0 0 0 0
196 4 0 0 4 0 0 0 0 0
197 4 0 0 4 0 0 0 0 0
198 4 0 0 4 0 0 0 0 0
199 4 1 1 4 0 0 0 0 0
201 4 0 0 0 0 0 4 1 1
202 4 0 0 0 0 0 4 0 0
203 4 0 0 0 0 0 4 1 1
204 4 0 0 0 0 0 4 1 1
206 4 0 0 0 0 0 0 0 0
207 4 0 0 0 0 0 0 0 0
209 4 0 0 0 0 0 0 0 0
231 5 1 1 0 0 0 0 0 0
237 5 0 0 5 0 0 0 0 0
238 5 0 0 0 0 0 0 0 0
240 1 0 0 1 0 0 0 0 0
fl=/build/eglibc-oGUzwX/eglibc-2.19/string/../sysdeps/x86_64/multiarch/../rtld-strlen.S
fn=strlen
26 13 1 1 0 0 0 0 0 0
27 13 0 0 0 0 0 0 0 0
28 13 0 0 0 0 0 0 0 0
29 13 0 0 0 0 0 0 0 0
31 5 0 0 0 0 0 0 0 0
32 5 0 0 0 0 0 0 0 0
34 24 0 0 24 0 0 0 0 0
35 24 0 0 0 0 0 0 0 0
36 23 0 0 0 0 0 0 0 0
37 23 0 0 0 0 0 0 0 0
38 23 0 0 0 0 0 0 0 0
40 24 0 0 0 0 0 0 0 0
45 16 1 1 16 1 1 0 0 0
46 16 0 0 0 0 0 0 0 0
47 16 0 0 0 0 0 0 0 0
48 16 0 0 0 0 0 0 0 0
51 16 0 0 0 0 0 0 0 0
52 15 0 0 0 0 0 0 0 0
53 15 0 0 0 0 0 0 0 0
54 15 0 0 0 0 0 0 0 0
56 15 0 0 0 0 0 0 0 0
59 13 0 0 13 0 0 0 0 0
60 13 0 0 0 0 0 0 0 0
61 13 0 0 0 0 0 0 0 0
62 13 0 0 0 0 0 0 0 0
65 13 0 0 0 0 0 0 0 0
66 12 0 0 0 0 0 0 0 0
67 12 0 0 0 0 0 0 0 0
68 12 0 0 0 0 0 0 0 0
70 12 0 0 0 0 0 0 0 0
73 12 0 0 12 0 0 0 0 0
74 12 0 0 0 0 0 0 0 0
75 12 0 0 0 0 0 0 0 0
76 12 0 0 0 0 0 0 0 0
79 12 0 0 0 0 0 0 0 0
80 9 0 0 0 0 0 0 0 0
81 9 0 0 0 0 0 0 0 0
82 9 0 0 0 0 0 0 0 0
84 9 0 0 0 0 0 0 0 0
87 9 0 0 9 0 0 0 0 0
88 9 0 0 0 0 0 0 0 0
89 9 0 0 0 0 0 0 0 0
90 9 0 0 0 0 0 0 0 0
93 9 0 0 0 0 0 0 0 0
94 6 0 0 0 0 0 0 0 0
95 6 0 0 0 0 0 0 0 0
96 6 0 0 0 0 0 0 0 0
98 8 0 0 0 0 0 0 0 0
101 12 1 1 0 0 0 0 0 0
103 12 0 0 0 0 0 0 0 0
104 12 0 0 0 0 0 0 0 0
105 12 0 0 0 0 0 0 0 0
107 12 0 0 0 0 0 0 0 0
108 12 0 0 0 0 0 0 0 0
109 9 1 1 0 0 0 0 0 0
111 9 0 0 0 0 0 0 0 0
112 9 0 0 0 0 0 0 0 0
113 7 0 0 0 0 0 0 0 0
115 7 0 0 0 0 0 0 0 0
116 7 0 0 0 0 0 0 0 0
117 7 0 0 0 0 0 0 0 0
119 7 0 0 0 0 0 0 0 0
121 7 0 0 0 0 0 0 0 0
122 7 0 0 0 0 0 0 0 0
123 6 0 0 0 0 0 0 0 0
125 6 0 0 0 0 0 0 0 0
126 6 0 0 0 0 0 0 0 0
127 3 0 0 0 0 0 0 0 0
129 3 0 0 0 0 0 0 0 0
130 3 0 0 0 0 0 0 0 0
131 2 0 0 0 0 0 0 0 0
133 13 0 0 0 0 0 0 0 0
134 13 0 0 13 0 0 0 0 0
fl=/build/eglibc-oGUzwX/eglibc-2.19/string/../sysdeps/x86_64/multiarch/../strchr.S
fn=index
24 7 1 1 0 0 0 0 0 0
25 7 0 0 0 0 0 0 0 0
26 7 0 0 0 0 0 0 0 0
27 7 0 0 0 0 0 0 0 0
28 7 0 0 0 0 0 0 0 0
29 7 0 0 0 0 0 0 0 0
30 7 0 0 0 0 0 0 0 0
31 7 0 0 0 0 0 0 0 0
32 7 0 0 7 2 2 0 0 0
33 7 0 0 0 0 0 0 0 0
34 7 0 0 0 0 0 0 0 0
35 7 0 0 0 0 0 0 0 0
36 7 0 0 0 0 0 0 0 0
37 7 0 0 0 0 0 0 0 0
38 7 0 0 0 0 0 0 0 0
39 7 1 1 0 0 0 0 0 0
40 7 0 0 0 0 0 0 0 0
41 3 0 0 0 0 0 0 0 0
45 3 0 0 0 0 0 0 0 0
46 3 0 0 0 0 0 0 0 0
47 3 0 0 3 0 0 0 0 0
48 3 0 0 0 0 0 0 0 0
50 3 0 0 3 0 0 0 0 0
54 4 0 0 4 0 0 0 0 0
55 4 0 0 0 0 0 0 0 0
56 4 0 0 0 0 0 0 0 0
57 4 0 0 0 0 0 0 0 0
58 4 0 0 0 0 0 0 0 0
59 4 0 0 0 0 0 0 0 0
60 4 0 0 4 1 1 0 0 0
61 4 0 0 0 0 0 0 0 0
62 4 0 0 0 0 0 0 0 0
63 4 1 1 0 0 0 0 0 0
64 4 0 0 0 0 0 0 0 0
65 4 0 0 0 0 0 0 0 0
66 4 0 0 0 0 0 0 0 0
67 4 0 0 4 0 0 0 0 0
68 4 0 0 0 0 0 0 0 0
69 4 0 0 0 0 0 0 0 0
70 4 0 0 0 0 0 0 0 0
71 4 0 0 0 0 0 0 0 0
72 4 0 0 0 0 0 0 0 0
73 4 0 0 0 0 0 0 0 0
74 4 0 0 0 0 0 0 0 0
75 4 0 0 0 0 0 0 0 0
76 4 0 0 0 0 0 0 0 0
77 4 0 0 0 0 0 0 0 0
129 4 1 1 0 0 0 0 0 0
133 4 0 0 0 0 0 0 0 0
134 4 0 0 0 0 0 0 0 0
135 4 0 0 4 0 0 0 0 0
136 4 0 0 0 0 0 0 0 0
138 4 0 0 4 0 0 0 0 0
fl=/build/eglibc-oGUzwX/eglibc-2.19/string/../sysdeps/x86_64/multiarch/../strcmp.S
fn=strcmp
131 1530 1 1 1530 33 17 0 0 0
132 1530 0 0 1530 14 2 0 0 0
133 1530 0 0 0 0 0 0 0 0
134 1430 0 0 0 0 0 0 0 0
135 1430 0 0 0 0 0 0 0 0
136 1430 0 0 0 0 0 0 0 0
137 1430 0 0 0 0 0 0 0 0
139 117 0 0 0 0 0 0 0 0
140 117 0 0 117 0 0 0 0 0
142 100 0 0 0 0 0 0 0 0
143 100 0 0 0 0 0 0 0 0
144 100 0 0 0 0 0 0 0 0
145 100 0 0 100 0 0 0 0 0
fl=/build/eglibc-oGUzwX/eglibc-2.19/string/../sysdeps/x86_64/multiarch/memmove.c
fn=memcpy@GLIBC_2.2.5
49 1 1 1 0 0 0 0 0 0
fl=/build/eglibc-oGUzwX/eglibc-2.19/string/../sysdeps/x86_64/multiarch/strcmp.S
fn=strcasecmp
114 1 1 1 1 1 1 0 0 0
115 1 0 0 0 0 0 0 0 0
116 1 0 0 0 0 0 1 0 0
119 1 0 0 0 0 0 0 0 0
120 1 0 0 1 0 0 0 0 0
121 1 0 0 0 0 0 0 0 0
132 1 1 1 1 0 0 0 0 0
fn=strncasecmp
140 1 1 1 1 0 0 0 0 0
141 1 0 0 0 0 0 0 0 0
145 1 0 0 0 0 0 0 0 0
146 1 0 0 1 0 0 0 0 0
147 1 0 0 0 0 0 0 0 0
158 1 1 1 1 0 0 0 0 0
fl=/build/eglibc-oGUzwX/eglibc-2.19/string/../sysdeps/x86_64/rtld-memset.S
fn=memset
30 10 0 0 0 0 0 0 0 0
31 10 0 0 0 0 0 0 0 0
32 10 0 0 0 0 0 0 0 0
33 2144 0 0 0 0 0 2134 34 34
34 10 0 0 0 0 0 0 0 0
35 10 0 0 10 0 0 0 0 0
fl=/build/eglibc-oGUzwX/eglibc-2.19/string/../sysdeps/x86_64/strchr.S
fn=strchrnul
24 4 1 1 0 0 0 0 0 0
25 4 0 0 0 0 0 0 0 0
26 4 0 0 0 0 0 0 0 0
27 4 0 0 0 0 0 0 0 0
28 4 1 1 0 0 0 0 0 0
29 4 0 0 0 0 0 0 0 0
30 4 0 0 0 0 0 0 0 0
31 4 0 0 0 0 0 0 0 0
32 4 0 0 4 2 1 0 0 0
33 4 0 0 0 0 0 0 0 0
34 4 0 0 0 0 0 0 0 0
35 4 0 0 0 0 0 0 0 0
36 4 0 0 0 0 0 0 0 0
37 4 0 0 0 0 0 0 0 0
38 4 0 0 0 0 0 0 0 0
39 4 0 0 0 0 0 0 0 0
40 4 0 0 0 0 0 0 0 0
41 4 0 0 0 0 0 0 0 0
43 4 0 0 0 0 0 0 0 0
50 4 0 0 4 0 0 0 0 0
fl=/build/eglibc-oGUzwX/eglibc-2.19/string/../sysdeps/x86_64/strlen.S
fn=strlen
66 1 1 1 0 0 0 0 0 0
67 1 0 0 0 0 0 0 0 0
68 1 0 0 0 0 0 0 0 0
69 1 1 1 0 0 0 0 0 0
70 1 0 0 0 0 0 0 0 0
71 1 0 0 0 0 0 0 0 0
72 1 0 0 0 0 0 0 0 0
74 1 0 0 0 0 0 0 0 0
76 1 0 0 0 0 0 0 0 0
106 1 0 0 1 1 1 0 0 0
107 1 0 0 0 0 0 0 0 0
108 1 0 0 0 0 0 0 0 0
109 1 0 0 0 0 0 0 0 0
110 1 0 0 0 0 0 0 0 0
111 1 0 0 0 0 0 0 0 0
112 1 0 0 1 0 0 0 0 0
fl=/build/eglibc-oGUzwX/eglibc-2.19/string/../sysdeps/x86_64/strrchr.S
fn=rindex
24 1 1 1 0 0 0 0 0 0
25 1 0 0 0 0 0 0 0 0
26 1 0 0 0 0 0 0 0 0
27 1 0 0 0 0 0 0 0 0
28 1 1 1 0 0 0 0 0 0
29 1 0 0 0 0 0 0 0 0
30 1 0 0 0 0 0 0 0 0
31 1 0 0 0 0 0 0 0 0
32 1 0 0 1 1 0 0 0 0
33 1 0 0 0 0 0 0 0 0
34 1 0 0 0 0 0 0 0 0
35 1 0 0 0 0 0 0 0 0
36 1 0 0 0 0 0 0 0 0
37 1 0 0 0 0 0 0 0 0
38 1 0 0 0 0 0 0 0 0
39 1 0 0 0 0 0 0 0 0
40 1 0 0 0 0 0 0 0 0
41 1 0 0 0 0 0 0 0 0
42 1 0 0 0 0 0 0 0 0
43 1 0 0 0 0 0 0 0 0
44 1 1 1 0 0 0 0 0 0
45 1 0 0 0 0 0 0 0 0
46 1 0 0 0 0 0 0 0 0
47 1 0 0 1 0 0 0 0 0
fl=/build/eglibc-oGUzwX/eglibc-2.19/time/../sysdeps/generic/dl-hash.h
fn=gettimeofday
43 1 0 0 0 0 0 0 0 0
44 1 0 0 0 0 0 0 0 0
45 13 0 0 4 0 0 0 0 0
48 12 0 0 0 0 0 0 0 0
49 8 0 0 0 0 0 0 0 0
62 8 0 0 0 0 0 0 0 0
67 1 0 0 0 0 0 0 0 0
fn=time
43 1 0 0 0 0 0 0 0 0
44 1 1 1 0 0 0 0 0 0
45 13 1 1 4 1 1 0 0 0
48 12 0 0 0 0 0 0 0 0
49 8 0 0 0 0 0 0 0 0
62 8 0 0 0 0 0 0 0 0
67 1 0 0 0 0 0 0 0 0
fl=/build/eglibc-oGUzwX/eglibc-2.19/time/../sysdeps/unix/syscall-template.S
fn=setitimer
81 8 1 1 0 0 0 0 0 0
82 2 0 0 2 0 0 0 0 0
fl=/build/eglibc-oGUzwX/eglibc-2.19/time/../sysdeps/unix/sysv/linux/x86_64/gettimeofday.c
fn=gettimeofday
30 1 0 0 0 0 0 0 0 0
31 7 2 2 0 0 0 4 0 0
34 3 1 1 0 0 0 1 0 0
35 3 0 0 0 0 0 0 0 0
36 3 0 0 1 0 0 0 0 0
fl=/build/eglibc-oGUzwX/eglibc-2.19/time/../sysdeps/unix/sysv/linux/x86_64/time.c
fn=time
36 1 0 0 0 0 0 0 0 0
37 7 1 1 0 0 0 4 0 0
40 6 0 0 0 0 0 1 0 0
41 3 0 0 1 0 0 0 0 0
fl=???
fn=???
0 40869 21 17 100 3 0 31 2 1
fn=__gmon_start__
0 11 1 1 1 0 0 2 0 0
fn=__libc_csu_init
0 34 2 2 8 2 0 8 0 0
fn=_dl_debug_initialize
0 4 1 1 3 0 0 0 0 0
fn=atexit
0 6 2 2 1 1 0 0 0 0
fn=bubbleArraysOnHost(float*, int)
0 49392287744 4 4 21474902014 131927646 4096 65540 0 0
fn=main
0 37 2 2 10 2 0 12 0 0
fn=memcpy@GLIBC_2.2.5
0 12 1 1 4 0 0 0 0 0
summary: 49392884084 914 909 21475086879 132030467 6032 80023 609 538
